Trajektorie für sonAIR
----------------------------------------------------------														
Flugbahn BA NOIZH Bisang und Gschwend													
Variablen-Informationen:														
Time [s]: Lokalzeit seit Mitternacht	X [m]: Metrische X-Koordinate (Rechtswert)	Y [m]: Metrische Y-Koordinate (Hochwert)	Z [m]: Höhe über MSL	V [m/s]: Bahngeschwindigkeit	Track-Angle [°]: Bahnazimuth	Climb Angle [°]: Bahnneigungswinkel	BankAngle [°]: Rollwinkel	Ma: Machzahl	Density [kg/m^3]: Dichte	N1[%]: Drehzahl Niederdruckwelle	Flaps: Klappenstellung (Flaps und Slats)	Gears: Fahrwerk ausgefahren (1)	Speedbrakes: Störklappen aktiv (1)	Flight phase: Flugphase
----------------------------------------------------------
BID:	---
Zeit TDAB:	---
Flugzeugtyp (ICAO):	A321
Triebwerkstyp:	---
IMM:	---
ICAO Flugnr:	SWR897X
Flughafen:	KSTL
Destination:	OPKC
Procedure:	S
RWY:	12
Route:	R2D
Subroute:	---
MTOW:	---
ATOW:	---
Zabs:	1

Time	X	Y	Z	V	TrackAngle	ClimbAngle	BankAngle	Ma	Density	N1	Flaps	Gears	Speedbrakes	FlightPhase
      0.0000	3058707.6308	1369585.0681	    625.3562	      0.0000	      0.0000	      0.0000	      0.0000	      0.0000	      1.1532	     90.0000	      0.0000	      1.0000	      0.0000	      0.0000
      4.0000	3058137.9377	1369059.1738	    695.7630	    194.6266	    227.2893	      5.1888	      0.0000	      0.5765	      1.1453	     90.0000	      0.0000	      1.0000	      0.0000	      1.0000
      8.0000	3056693.4823	1368586.0184	    789.4870	    380.7157	    251.8629	      3.5285	      0.0000	      1.1289	      1.1348	     90.0000	      0.0000	      0.0000	      0.0000	      1.0000
     12.0000	3056052.2635	1368066.4593	    883.2110	    207.6487	    230.9833	      6.4790	      0.0000	      0.6164	      1.1245	     90.0000	      0.0000	      0.0000	      0.0000	      1.0000
     16.0000	3055349.8634	1367552.3193	    961.3902	    218.4917	    233.7968	      5.1322	      0.0000	      0.6491	      1.1159	     90.0000	      0.0000	      0.0000	      0.0000	      1.0000
     20.0000	3054708.6445	1367032.7598	   1024.0246	    206.9159	    230.9832	      4.3401	      0.0000	      0.6152	      1.1091	     90.0000	      0.0000	      0.0000	      0.0000	      1.0000
     24.0000	3054068.3059	1366513.1221	   1133.2934	    207.9658	    230.9405	      7.5479	      0.0000	      0.6191	      1.0972	     85.0000	      0.0000	      0.0000	      0.0000	      1.0000
     28.0000	3053432.4889	1365993.0843	   1180.3830	    205.6879	    230.7201	      3.2811	      0.0000	      0.6127	      1.0921	     85.0000	      0.0000	      0.0000	      0.0000	      1.0000
     32.0000	3052829.4504	1365470.1429	   1258.5622	    200.5048	    229.0689	      5.5940	      0.0000	      0.5978	      1.0837	     85.0000	      0.0000	      0.0000	      0.0000	      1.0000
     36.0000	3052188.9035	1364950.5249	   1305.6518	    206.5370	    230.9507	      3.2676	      0.0000	      0.6161	      1.0787	     85.0000	      0.0000	      0.0000	      0.0000	      1.0000
     40.0000	3051551.9575	1364430.5885	   1360.5138	    206.0103	    230.7754	      3.8174	      0.0000	      0.6149	      1.0729	     85.0000	      0.0000	      0.0000	      0.0000	      1.0000
     44.0000	3050929.1814	1363909.3964	   1376.5138	    203.0621	    230.0745	      1.1287	      0.0000	      0.6062	      1.0712	     85.0000	      0.0000	      0.0000	      0.0000	      1.0000
     48.0000	3050272.7671	1363391.1835	   1462.4654	    210.1803	    231.7103	      5.8679	      0.0000	      0.6281	      1.0621	     85.0000	      0.0000	      0.0000	      0.0000	      1.0000
     52.0000	3049667.3629	1362868.4513	   1517.3274	    200.4328	    229.1913	      3.9238	      0.0000	      0.5993	      1.0563	     85.0000	      0.0000	      0.0000	      0.0000	      1.0000
     56.0000	3049038.2360	1362170.9602	   1556.6446	    235.0320	    222.0500	      2.3969	      0.0000	      0.7031	      1.0522	     85.0000	      0.0000	      0.0000	      0.0000	      1.0000
     60.0000	3048395.7414	1361467.9769	   1619.2790	    238.6037	    222.4259	      3.7628	      0.0000	      0.7143	      1.0456	     85.0000	      0.0000	      0.0000	      0.0000	      1.0000
     64.0000	3047877.6360	1360675.8732	   1674.1410	    237.0220	    213.1882	      3.3173	      0.0000	      0.7101	      1.0399	     85.0000	      0.0000	      0.0000	      0.0000	      1.0000
     68.0000	3047327.0393	1359851.6786	   1713.4582	    247.9918	    213.7446	      2.2715	      0.0000	      0.7433	      1.0359	     85.0000	      0.0000	      0.0000	      0.0000	      1.0000
     72.0000	3046865.0427	1358975.6259	   1783.8650	    248.2270	    207.8054	      4.0662	      0.0000	      0.7446	      1.0286	     85.0000	      0.0000	      0.0000	      0.0000	      1.0000
     76.0000	3046426.9404	1358140.9805	   1823.1822	    235.8644	    207.6948	      2.3884	      0.0000	      0.7078	      1.0246	     85.0000	      0.0000	      0.0000	      0.0000	      1.0000
     80.0000	3045958.9409	1357254.5251	   1893.5890	    251.2200	    207.8316	      4.0177	      0.0000	      0.7545	      1.0174	     85.0000	      0.0000	      0.0000	      0.0000	      1.0000
     84.0000	3045497.9081	1356380.1435	   1956.2234	    247.6158	    207.8012	      3.6257	      0.0000	      0.7443	      1.0110	     85.0000	      0.0000	      0.0000	      0.0000	      1.0000
     88.0000	3045052.5733	1355532.9646	   1995.5406	    239.4761	    207.7295	      2.3524	      0.0000	      0.7201	      1.0070	     85.0000	      0.0000	      0.0000	      0.0000	      1.0000
     92.0000	3044818.1689	1354575.0498	   2034.8578	    246.7403	    193.7502	      2.2831	      0.0000	      0.7423	      1.0030	     85.0000	      0.0000	      0.0000	      0.0000	      1.0000
     96.0000	3044581.0978	1353643.7931	   2066.4026	    240.3691	    194.2825	      1.8801	      0.0000	      0.7234	      0.9998	     85.0000	      0.0000	      0.0000	      0.0000	      1.0000
    100.0000	3044347.2672	1352680.1325	   2105.7198	    248.1008	    193.6391	      2.2705	      0.0000	      0.7470	      0.9959	     85.0000	      0.0000	      0.0000	      0.0000	      1.0000
    104.0000	3044318.4282	1351814.7433	   2145.0370	    216.6904	    181.9087	      2.5999	      0.0000	      0.6528	      0.9919	     85.0000	      0.0000	      0.0000	      0.0000	      1.0000
    108.0000	3044328.6237	1350899.6551	   2176.5818	    228.9221	    179.3617	      1.9742	      0.0000	      0.6899	      0.9888	     85.0000	      0.0000	      0.0000	      0.0000	      1.0000
    112.0000	3044330.5056	1349995.1534	   2208.1266	    226.2634	    179.8808	      1.9974	      0.0000	      0.6821	      0.9857	     85.0000	      0.0000	      0.0000	      0.0000	      1.0000
    116.0000	3044473.7165	1349226.7307	   2247.4438	    195.6605	    169.4429	      2.8796	      0.0000	      0.5901	      0.9817	     85.0000	      0.0000	      0.0000	      0.0000	      1.0000
    120.0000	3044610.4117	1348461.6797	   2278.9886	    194.4518	    169.8696	      2.3243	      0.0000	      0.5867	      0.9786	     85.0000	      0.0000	      0.0000	      0.0000	      1.0000
    124.0000	3044806.6540	1347774.0067	   2318.3058	    179.0515	    164.0728	      3.1469	      0.0000	      0.5405	      0.9747	     85.0000	      0.0000	      0.0000	      0.0000	      1.0000
    128.0000	3045029.4437	1347078.6919	   2349.8506	    182.7042	    162.2337	      2.4739	      0.0000	      0.5517	      0.9716	     85.0000	      0.0000	      0.0000	      0.0000	      1.0000
    132.0000	3045246.8738	1346384.9220	   2381.3954	    181.9319	    162.5988	      2.4844	      0.0000	      0.5496	      0.9685	     85.0000	      0.0000	      0.0000	      0.0000	      1.0000
    136.0000	3045527.9595	1345871.7225	   2420.7126	    146.6136	    151.2899	      3.8441	      0.0000	      0.4431	      0.9647	     85.0000	      0.0000	      0.0000	      0.0000	      1.0000
    140.0000	3045852.8286	1345361.5754	   2452.2574	    151.4070	    147.5104	      2.9857	      0.0000	      0.4578	      0.9616	     85.0000	      0.0000	      0.0000	      0.0000	      1.0000
    144.0000	3046096.2392	1344930.0168	   2507.1194	    124.6248	    150.5758	      6.3184	      0.0000	      0.3770	      0.9562	     85.0000	      0.0000	      0.0000	      0.0000	      1.0000
    148.0000	3046381.9428	1344508.2846	   2554.2090	    127.8920	    145.8842	      5.2815	      0.0000	      0.3871	      0.9517	     85.0000	      0.0000	      0.0000	      0.0000	      1.0000
    152.0000	3046690.4629	1344091.8553	   2616.8434	    130.5089	    143.4664	      6.8910	      0.0000	      0.3954	      0.9456	     85.0000	      0.0000	      0.0000	      0.0000	      1.0000
    156.0000	3046976.1696	1343670.1225	   2656.1606	    127.7284	    145.8840	      4.4135	      0.0000	      0.3871	      0.9418	     85.0000	      0.0000	      0.0000	      0.0000	      1.0000
    160.0000	3047291.7565	1343255.3301	   2711.0226	    131.0195	    142.7350	      6.0089	      0.0000	      0.3974	      0.9365	     85.0000	      0.0000	      0.0000	      0.0000	      1.0000
    164.0000	3047639.0828	1342847.9120	   2758.1122	    134.3602	    139.5522	      5.0266	      0.0000	      0.4077	      0.9320	     85.0000	      0.0000	      0.0000	      0.0000	      1.0000
    168.0000	3047990.5022	1342441.4461	   2805.2018	    134.8442	    139.1542	      5.0085	      0.0000	      0.4094	      0.9276	     85.0000	      0.0000	      0.0000	      0.0000	      1.0000
    172.0000	3048203.4218	1342002.8036	   2821.2018	    121.9626	    154.1078	      1.8795	      0.0000	      0.3704	      0.9260	     85.0000	      0.0000	      0.0000	      0.0000	      1.0000
    176.0000	3048726.3663	1341636.1889	   2922.6982	    161.6669	    125.0327	      9.0301	      0.0000	      0.4916	      0.9164	     85.0000	      0.0000	      0.0000	      0.0000	      1.0000
    180.0000	3049112.4925	1341237.7877	   2993.1050	    139.8155	    135.8964	      7.2323	      0.0000	      0.4255	      0.9098	     85.0000	      0.0000	      0.0000	      0.0000	      1.0000
    184.0000	3049459.8185	1340830.3740	   3066.3098	    135.0880	    139.5519	      7.7862	      0.0000	      0.4115	      0.9030	     85.0000	      0.0000	      0.0000	      0.0000	      1.0000
    188.0000	3049816.8829	1340425.2215	   3136.7166	    136.1526	    138.6100	      7.4279	      0.0000	      0.4151	      0.8965	     85.0000	      0.0000	      0.0000	      0.0000	      1.0000
    192.0000	3050193.0101	1340024.4979	   3238.2130	    139.7213	    136.8135	     10.4633	      0.0000	      0.4265	      0.8871	     85.0000	      0.0000	      0.0000	      0.0000	      1.0000
    196.0000	3050634.2463	1339638.9091	   3316.3922	    147.7921	    131.1497	      7.5994	      0.0000	      0.4515	      0.8799	     85.0000	      0.0000	      0.0000	      0.0000	      1.0000
    200.0000	3051020.3714	1339240.5135	   3386.7990	    139.8143	    135.8961	      7.2324	      0.0000	      0.4275	      0.8735	     85.0000	      0.0000	      0.0000	      0.0000	      1.0000
    204.0000	3051398.9091	1338840.3508	   3488.2954	    140.0273	    136.5907	     10.4401	      0.0000	      0.4287	      0.8644	     85.0000	      0.0000	      0.0000	      0.0000	      1.0000
    208.0000	3051722.6018	1338427.4452	   3566.4746	    132.6132	    141.9057	      8.4752	      0.0000	      0.4064	      0.8573	     85.0000	      0.0000	      0.0000	      0.0000	      1.0000
    212.0000	3052100.0713	1338027.0358	   3675.7434	    140.2566	    136.6892	     11.2310	      0.0000	      0.4304	      0.8476	     85.0000	      0.0000	      0.0000	      0.0000	      1.0000
    216.0000	3052454.7272	1337621.3274	   3761.6950	    136.4203	    138.8412	      9.0625	      0.0000	      0.4191	      0.8400	     85.0000	      0.0000	      0.0000	      0.0000	      1.0000
    220.0000	3052770.5789	1337206.6022	   3839.8742	    131.7837	    142.7074	      8.5290	      0.0000	      0.4052	      0.8331	     85.0000	      0.0000	      0.0000	      0.0000	      1.0000
    224.0000	3053124.4150	1336800.7009	   3949.1430	    137.3625	    138.9204	     11.4708	      0.0000	      0.4229	      0.8236	     85.0000	      0.0000	      0.0000	      0.0000	      1.0000
    228.0000	3053474.9671	1336394.0395	   4019.5498	    135.3739	    139.2379	      7.4709	      0.0000	      0.4172	      0.8175	     85.0000	      0.0000	      0.0000	      0.0000	      1.0000
    232.0000	3053819.8715	1335986.0690	   4128.8186	    136.3219	    139.7883	     11.5596	      0.0000	      0.4207	      0.8081	     85.0000	      0.0000	      0.0000	      0.0000	      1.0000
    236.0000	3054138.1266	1335571.9071	   4214.7702	    132.3358	    142.4602	      9.3447	      0.0000	      0.4088	      0.8008	     85.0000	      0.0000	      0.0000	      0.0000	      1.0000
    240.0000	3054483.2925	1335163.9975	   4292.9494	    135.0097	    139.7627	      8.3237	      0.0000	      0.4175	      0.7942	     85.0000	      0.0000	      0.0000	      0.0000	      1.0000
    244.0000	3054837.9356	1334758.2883	   4371.1286	    136.1258	    138.8423	      8.2550	      0.0000	      0.4213	      0.7876	     85.0000	      0.0000	      0.0000	      0.0000	      1.0000
    248.0000	3055187.6700	1334351.4369	   4425.9906	    134.8268	    139.3173	      5.8386	      0.0000	      0.4176	      0.7830	     85.0000	      0.0000	      0.0000	      0.0000	      1.0000
    252.0000	3055539.0840	1333944.9751	   4504.1698	    135.7422	    139.1543	      8.2785	      0.0000	      0.4209	      0.7765	     85.0000	      0.0000	      0.0000	      0.0000	      1.0000
    256.0000	3055886.4033	1333537.5618	   4551.2594	    134.3581	    139.5525	      5.0267	      0.0000	      0.4168	      0.7726	     85.0000	      0.0000	      0.0000	      0.0000	      1.0000
    260.0000	3056240.7845	1333131.7896	   4621.6662	    135.8295	    138.8677	      7.4457	      0.0000	      0.4217	      0.7668	     85.0000	      0.0000	      0.0000	      0.0000	      1.0000
    264.0000	3056627.1663	1332733.4525	   4692.0730	    139.8482	    135.8728	      7.2306	      0.0000	      0.4346	      0.7610	     85.0000	      0.0000	      0.0000	      0.0000	      1.0000
    268.0000	3056974.4842	1332326.0394	   4739.1626	    134.3579	    139.5526	      5.0267	      0.0000	      0.4178	      0.7572	     85.0000	      0.0000	      0.0000	      0.0000	      1.0000
    272.0000	3057360.3424	1331927.5811	   4809.5694	    139.7794	    135.9204	      7.2342	      0.0000	      0.4350	      0.7515	     85.0000	      0.0000	      0.0000	      0.0000	      1.0000
    276.0000	3057735.0440	1331526.5342	   4856.6590	    137.7174	    136.9451	      4.9038	      0.0000	      0.4289	      0.7477	     85.0000	      0.0000	      0.0000	      0.0000	      1.0000
    280.0000	3058148.8897	1331134.5837	   4919.2934	    143.3563	    133.4435	      6.2708	      0.0000	      0.4468	      0.7426	     85.0000	      0.0000	      0.0000	      0.0000	      1.0000
    284.0000	3058567.5645	1330743.7527	   4989.7002	    144.2642	    133.0300	      7.0081	      0.0000	      0.4500	      0.7370	     85.0000	      0.0000	      0.0000	      0.0000	      1.0000
    288.0000	3058950.1961	1330344.5429	   5036.7898	    138.7427	    136.2147	      4.8674	      0.0000	      0.4331	      0.7333	     85.0000	      0.0000	      0.0000	      0.0000	      1.0000
    292.0000	3059368.8767	1329953.7026	   5107.1966	    144.2668	    133.0303	      7.0080	      0.0000	      0.4507	      0.7277	     85.0000	      0.0000	      0.0000	      0.0000	      1.0000
    296.0000	3059819.0361	1329570.1737	   5154.2862	    148.3145	    130.4305	      4.5526	      0.0000	      0.4636	      0.7240	     85.0000	      0.0000	      0.0000	      0.0000	      1.0000
    300.0000	3060230.3172	1329248.1554	   5216.9206	    131.5226	    128.0597	      6.8376	      0.0000	      0.4115	      0.7191	     85.0000	      0.0000	      0.0000	      0.0000	      1.0000
    304.0000	3060598.1210	1329048.1532	   5295.0998	    106.4755	    118.5362	     10.5773	      0.0000	      0.3334	      0.7130	     85.0000	      0.0000	      0.0000	      0.0000	      1.0000
    308.0000	3060926.3437	1328826.4756	   5357.7342	    100.2479	    124.0346	      8.9863	      0.0000	      0.3142	      0.7081	     85.0000	      0.0000	      0.0000	      0.0000	      1.0000
    312.0000	3061165.4404	1328728.6435	   5428.1410	     66.9400	    112.2531	     15.2450	      0.0000	      0.2100	      0.7027	     85.0000	      0.0000	      0.0000	      0.0000	      0.0000
    316.0000	3061406.6049	1328632.6383	   5483.0030	     66.3265	    111.7070	     11.9342	      0.0000	      0.2082	      0.6985	     85.0000	      0.0000	      0.0000	      0.0000	      0.0000
    320.0000	3061660.8693	1328548.2088	   5553.4098	     69.2531	    108.3689	     14.7241	      0.0000	      0.2176	      0.6931	     85.0000	      0.0000	      0.0000	      0.0000	      0.0000
    324.0000	3061750.0294	1328586.0418	   5623.8166	     29.9353	     67.0072	     36.0146	      0.0000	      0.0941	      0.6878	     85.0000	      0.0000	      0.0000	      0.0000	      0.0000
    328.0000	3061826.5638	1328603.4248	   5678.6786	     23.9394	     77.2037	     34.9545	      0.0000	      0.0753	      0.6836	     85.0000	      0.0000	      0.0000	      0.0000	      0.0000
    332.0000	3061905.6836	1328624.9948	   5749.0854	     27.0212	     74.7504	     40.6475	      0.0000	      0.0851	      0.6784	     85.0000	      0.0000	      0.0000	      0.0000	      0.0000
    336.0000	3061985.8010	1328648.1805	   5811.7198	     26.0761	     73.8597	     36.9054	      0.0000	      0.0822	      0.6737	     85.0000	      0.0000	      0.0000	      0.0000	      0.0000
    340.0000	3062063.1263	1328666.8454	   5882.1266	     26.5574	     76.4294	     41.5123	      0.0000	      0.0838	      0.6685	     85.0000	      0.0000	      0.0000	      0.0000	      0.0000
    344.0000	3062158.0061	1328713.9466	   5952.5334	     31.7980	     63.5988	     33.6107	      0.0000	      0.1004	      0.6633	     85.0000	      0.0000	      0.0000	      0.0000	      0.0000
    348.0000	3062235.0342	1328732.1334	   6015.1678	     25.2329	     76.7154	     38.3573	      0.0000	      0.0798	      0.6587	     85.0000	      0.0000	      0.0000	      0.0000	      0.0000
    352.0000	3062324.2868	1328770.1076	   6077.8022	     28.8651	     66.9518	     32.8523	      0.0000	      0.0913	      0.6541	     85.0000	      0.0000	      0.0000	      0.0000	      0.0000
    356.0000	3062415.7972	1328811.7352	   6140.4366	     29.6122	     65.5395	     31.9237	      0.0000	      0.0938	      0.6496	     85.0000	      0.0000	      0.0000	      0.0000	      0.0000
    360.0000	3062494.1246	1328832.0181	   6210.8434	     26.8138	     75.4821	     41.0290	      0.0000	      0.0850	      0.6445	     85.0000	      0.0000	      0.0000	      0.0000	      0.0000
    364.0000	3062597.2568	1328892.4847	   6273.4778	     33.7412	     59.6169	     27.6507	      0.0000	      0.1070	      0.6400	     85.0000	      0.0000	      0.0000	      0.0000	      0.0000
    368.0000	3062689.5476	1328935.4111	   6336.1122	     29.8782	     65.0558	     31.6064	      0.0000	      0.0948	      0.6355	     85.0000	      0.0000	      0.0000	      0.0000	      0.0000
    372.0000	3062792.6708	1328995.8874	   6398.7466	     33.7406	     59.6107	     27.6512	      0.0000	      0.1072	      0.6311	     85.0000	      0.0000	      0.0000	      0.0000	      0.0000
    376.0000	3062883.6683	1329036.7210	   6469.1534	     30.5216	     65.8326	     35.2186	      0.0000	      0.0971	      0.6261	     85.0000	      0.0000	      0.0000	      0.0000	      0.0000
    380.0000	3062986.2961	1329096.3865	   6531.7878	     33.5554	     59.8272	     27.8170	      0.0000	      0.1068	      0.6217	     85.0000	      0.0000	      0.0000	      0.0000	      0.0000
    384.0000	3063088.9323	1329156.0459	   6594.4222	     33.5564	     59.8319	     27.8161	      0.0000	      0.1069	      0.6173	     85.0000	      0.0000	      0.0000	      0.0000	      0.0000
    388.0000	3063180.9427	1329198.4859	   6657.0566	     29.7806	     65.2384	     31.7221	      0.0000	      0.0949	      0.6130	     85.0000	      0.0000	      0.0000	      0.0000	      0.0000
    392.0000	3063298.8495	1329282.8687	   6719.6910	     39.4854	     54.4097	     23.3637	      0.0000	      0.1260	      0.6087	     85.0000	      0.0000	      0.0000	      0.0000	      0.0000
    396.0000	3063384.4320	1329314.8944	   6766.7806	     25.6995	     69.4837	     27.2632	      0.0000	      0.0820	      0.6054	     85.0000	      0.0000	      0.0000	      0.0000	      0.0000
    400.0000	3063506.6826	1329406.3104	   6806.0978	     39.4081	     53.2118	     14.4434	      0.0000	      0.1259	      0.6027	     85.0000	      0.0000	      0.0000	      0.0000	      0.0000
    404.0000	3063618.8680	1329481.4236	   6845.4150	     35.1545	     56.1959	     16.2365	      0.0000	      0.1123	      0.6001	     85.0000	      0.0000	      0.0000	      0.0000	      0.0000
    408.0000	3063747.5800	1329583.3032	   6884.7322	     42.1990	     51.6373	     13.4695	      0.0000	      0.1349	      0.5974	     85.0000	      0.0000	      0.0000	      0.0000	      0.0000
    412.0000	3063873.7362	1329681.0484	   6924.0494	     41.0909	     52.2317	     13.8399	      0.0000	      0.1315	      0.5947	     85.0000	      0.0000	      0.0000	      0.0000	      0.0000
    416.0000	3063988.7622	1329760.7663	   6963.3666	     36.3419	     55.2764	     15.6921	      0.0000	      0.1163	      0.5921	     85.0000	      0.0000	      0.0000	      0.0000	      0.0000
    420.0000	3064134.8136	1329890.7466	   7010.4562	     50.2763	     48.3321	     13.5418	      0.0000	      0.1610	      0.5889	     85.0000	      0.0000	      0.0000	      0.0000	      0.0000
    424.0000	3064257.7875	1329983.3485	   7065.3182	     40.8561	     53.0195	     19.6153	      0.0000	      0.1309	      0.5852	     85.0000	      0.0000	      0.0000	      0.0000	      0.0000
    428.0000	3064412.0877	1330126.6894	   7104.6354	     53.5613	     47.1087	     10.5746	      0.0000	      0.1718	      0.5826	     85.0000	      0.0000	      0.0000	      0.0000	      0.0000
    432.0000	3064529.6980	1330210.5990	   7175.0422	     40.1794	     54.4939	     25.9813	      0.0000	      0.1290	      0.5779	     85.0000	      0.0000	      0.0000	      0.0000	      0.0000
    436.0000	3064666.9464	1330326.3160	   7237.6766	     47.5333	     49.8651	     19.2338	      0.0000	      0.1527	      0.5738	     85.0000	      0.0000	      0.0000	      0.0000	      0.0000
    440.0000	3064807.5743	1330447.5086	   7300.3110	     48.9814	     49.2453	     18.6438	      0.0000	      0.1575	      0.5697	     85.0000	      0.0000	      0.0000	      0.0000	      0.0000
    444.0000	3064945.0264	1330563.5604	   7370.7178	     48.2948	     49.8253	     21.3746	      0.0000	      0.1554	      0.5651	     85.0000	      0.0000	      0.0000	      0.0000	      0.0000
    448.0000	3065047.1662	1330622.4168	   7410.0350	     31.0669	     60.0480	     18.4448	      0.0000	      0.1000	      0.5625	     85.0000	      0.0000	      0.0000	      0.0000	      0.0000
    452.0000	3065202.2628	1330767.0472	   7480.4418	     55.8626	     46.9999	     18.3662	      0.0000	      0.1801	      0.5580	     85.0000	      0.0000	      0.0000	      0.0000	      0.0000
    456.0000	3065339.6991	1330883.1003	   7519.7590	     46.0319	     49.8218	     12.3294	      0.0000	      0.1484	      0.5554	     85.0000	      0.0000	      0.0000	      0.0000	      0.0000
    460.0000	3065495.2760	1331028.5486	   7590.1658	     56.0783	     46.9271	     18.2930	      0.0000	      0.1810	      0.5509	     85.0000	      0.0000	      0.0000	      0.0000	      0.0000
    464.0000	3065632.2066	1331143.7978	   7652.8002	     47.4048	     49.9139	     19.2880	      0.0000	      0.1532	      0.5470	     85.0000	      0.0000	      0.0000	      0.0000	      0.0000
    468.0000	3065786.5029	1331287.1469	   7699.8898	     53.9524	     47.1064	     12.6033	      0.0000	      0.1744	      0.5440	     85.0000	      0.0000	      0.0000	      0.0000	      0.0000
    472.0000	3065916.9925	1331391.9299	   7770.2966	     45.3901	     51.2356	     22.8169	      0.0000	      0.1469	      0.5395	     85.0000	      0.0000	      0.0000	      0.0000	      0.0000
    476.0000	3066078.5447	1331547.0193	   7809.6138	     56.8428	     46.1693	      9.9577	      0.0000	      0.1840	      0.5371	     85.0000	      0.0000	      0.0000	      0.0000	      0.0000
    480.0000	3066219.6628	1331669.0227	   7880.0206	     49.8474	     49.1550	     20.6777	      0.0000	      0.1615	      0.5327	     85.0000	      0.0000	      0.0000	      0.0000	      0.0000
    484.0000	3066394.2998	1331845.3264	   7934.8826	     63.5369	     44.7279	     12.4664	      0.0000	      0.2061	      0.5293	     85.0000	      0.0000	      0.0000	      0.0000	      0.0000
    488.0000	3066549.3893	1331989.9818	   7989.7446	     54.7653	     46.9937	     14.5036	      0.0000	      0.1777	      0.5259	     85.0000	      0.0000	      0.0000	      0.0000	      0.0000
    492.0000	3066702.8819	1332132.0694	   8036.8342	     53.5994	     47.2097	     12.6877	      0.0000	      0.1741	      0.5230	     85.0000	      0.0000	      0.0000	      0.0000	      0.0000
    496.0000	3066854.7847	1332271.5859	   8076.1514	     52.4912	     47.4338	     10.7927	      0.0000	      0.1706	      0.5206	     85.0000	      0.0000	      0.0000	      0.0000	      0.0000
    500.0000	3067018.8980	1332430.8910	   8138.7858	     59.2845	     45.8517	     15.3151	      0.0000	      0.1928	      0.5168	     85.0000	      0.0000	      0.0000	      0.0000	      0.0000
    504.0000	3067184.7678	1332593.0415	   8201.4202	     60.0670	     45.6496	     15.1108	      0.0000	      0.1955	      0.5130	     85.0000	      0.0000	      0.0000	      0.0000	      0.0000
    508.0000	3067325.8718	1332715.0613	   8240.7374	     47.6609	     49.1484	     11.9017	      0.0000	      0.1552	      0.5106	     85.0000	      0.0000	      0.0000	      0.0000	      0.0000
    512.0000	3067496.1552	1332884.3400	   8311.1442	     62.5544	     45.1695	     16.3427	      0.0000	      0.2039	      0.5064	     85.0000	      0.0000	      0.0000	      0.0000	      0.0000
    516.0000	3067633.8931	1333000.8743	   8358.2338	     46.6164	     49.7668	     14.6277	      0.0000	      0.1521	      0.5036	     85.0000	      0.0000	      0.0000	      0.0000	      0.0000
    520.0000	3067825.0882	1333203.9965	   8428.6406	     71.9250	     43.2675	     14.1655	      0.0000	      0.2349	      0.4994	     85.0000	      0.0000	      0.0000	      0.0000	      0.0000
    524.0000	3067987.1343	1333359.9042	   8499.0474	     58.9084	     46.1060	     17.3854	      0.0000	      0.1926	      0.4952	     85.0000	      0.0000	      0.0000	      0.0000	      0.0000
    528.0000	3068152.3254	1333531.0645	   8546.1370	     60.6225	     43.9833	     11.1975	      0.0000	      0.1983	      0.4925	     85.0000	      0.0000	      0.0000	      0.0000	      0.0000
    532.0000	3068324.1065	1333713.0508	   8608.7714	     64.4936	     43.3476	     14.0514	      0.0000	      0.2111	      0.4888	     85.0000	      0.0000	      0.0000	      0.0000	      0.0000
    536.0000	3068473.1498	1333857.6827	   8655.8610	     53.2387	     45.8606	     12.7751	      0.0000	      0.1744	      0.4861	     85.0000	      0.0000	      0.0000	      0.0000	      0.0000
    540.0000	3068636.2772	1334025.4527	   8718.4954	     60.5601	     44.1962	     14.9848	      0.0000	      0.1986	      0.4825	     85.0000	      0.0000	      0.0000	      0.0000	      0.0000
    544.0000	3068792.4058	1334181.7248	   8788.9022	     57.9624	     44.9737	     17.6784	      0.0000	      0.1902	      0.4784	     85.0000	      0.0000	      0.0000	      0.0000	      0.0000
    548.0000	3068951.0938	1334342.2014	   8828.2194	     57.2716	     44.6789	      9.8824	      0.0000	      0.1881	      0.4762	     85.0000	      0.0000	      0.0000	      0.0000	      0.0000
    552.0000	3069121.8025	1334522.4258	   8906.3986	     65.0645	     43.4468	     17.4811	      0.0000	      0.2139	      0.4717	     85.0000	      0.0000	      0.0000	      0.0000	      0.0000
    556.0000	3069295.3589	1334707.3286	   8969.0330	     65.3041	     43.1870	     13.8735	      0.0000	      0.2149	      0.4682	     85.0000	      0.0000	      0.0000	      0.0000	      0.0000
    560.0000	3069444.4084	1334851.9593	   9008.3502	     52.8439	     45.8620	     10.7198	      0.0000	      0.1740	      0.4660	     85.0000	      0.0000	      0.0000	      0.0000	      0.0000
    564.0000	3069600.5456	1335008.2295	   9063.2122	     56.9040	     44.9756	     13.9473	      0.0000	      0.1875	      0.4629	     85.0000	      0.0000	      0.0000	      0.0000	      0.0000
    568.0000	3069750.5890	1335154.4881	   9125.8466	     54.6738	     45.7318	     16.6426	      0.0000	      0.1803	      0.4594	     85.0000	      0.0000	      0.0000	      0.0000	      0.0000
    572.0000	3069921.0997	1335334.3702	   9196.2534	     64.4150	     43.4680	     15.8580	      0.0000	      0.2126	      0.4555	     85.0000	      0.0000	      0.0000	      0.0000	      0.0000
    576.0000	3070085.8045	1335504.7145	   9243.3430	     60.3957	     44.0357	     11.2401	      0.0000	      0.1995	      0.4529	     85.0000	      0.0000	      0.0000	      0.0000	      0.0000
    580.0000	3070243.7175	1335663.9013	   9282.6602	     56.9116	     44.7699	      9.9455	      0.0000	      0.1881	      0.4508	     85.0000	      0.0000	      0.0000	      0.0000	      0.0000
    584.0000	3070423.5847	1335859.1541	   9337.5222	     67.7706	     42.6513	     11.6762	      0.0000	      0.2242	      0.4478	     85.0000	      0.0000	      0.0000	      0.0000	      0.0000
    588.0000	3070587.2169	1336027.7365	   9400.1566	     60.7858	     44.1463	     14.9279	      0.0000	      0.2012	      0.4444	     85.0000	      0.0000	      0.0000	      0.0000	      0.0000
    592.0000	3070757.2319	1336206.8043	   9455.0186	     63.2358	     43.5145	     12.5267	      0.0000	      0.2095	      0.4414	     85.0000	      0.0000	      0.0000	      0.0000	      0.0000
    596.0000	3070916.1363	1336367.6195	   9502.1082	     57.7330	     44.6576	     11.7658	      0.0000	      0.1914	      0.4389	     85.0000	      0.0000	      0.0000	      0.0000	      0.0000
    600.0000	3071078.2659	1336533.7493	   9549.1978	     59.2149	     44.3018	     11.4673	      0.0000	      0.1965	      0.4364	     85.0000	      0.0000	      0.0000	      0.0000	      0.0000
    604.0000	3071251.3155	1336717.8230	   9604.0598	     64.6332	     43.2319	     12.2516	      0.0000	      0.2146	      0.4334	     85.0000	      0.0000	      0.0000	      0.0000	      0.0000
    608.0000	3071458.8329	1336958.5231	   9674.4666	     81.3776	     40.7660	     12.4916	      0.0000	      0.2705	      0.4297	     85.0000	      0.0000	      0.0000	      0.0000	      0.0000
    612.0000	3071629.8179	1337139.2060	   9729.3286	     63.6848	     43.4204	     12.4370	      0.0000	      0.2118	      0.4268	     85.0000	      0.0000	      0.0000	      0.0000	      0.0000
    616.0000	3071810.6545	1337336.0733	   9776.4182	     67.8583	     42.5697	      9.9905	      0.0000	      0.2259	      0.4244	     85.0000	      0.0000	      0.0000	      0.0000	      0.0000
    620.0000	3071959.9747	1337481.1645	   9839.0526	     54.3548	     45.8230	     16.7431	      0.0000	      0.1811	      0.4211	     85.0000	      0.0000	      0.0000	      0.0000	      0.0000
    624.0000	3072155.9676	1337702.9316	   9893.9146	     75.2511	     41.4696	     10.5016	      0.0000	      0.2509	      0.4183	     85.0000	      0.0000	      0.0000	      0.0000	      0.0000
    629.0000	3072342.0978	1337908.5240	   9948.7766	     56.5411	     42.1557	     11.1898	      0.0000	      0.1887	      0.4154	     85.0000	      0.0000	      0.0000	      0.0000	      0.0000
    633.0000	3072501.8499	1338070.8046	  10019.1834	     59.5886	     44.5501	     17.1807	      0.0000	      0.1990	      0.4118	     85.0000	      0.0000	      0.0000	      0.0000	      0.0000
    636.0000	3072681.0812	1338265.1162	  10066.2730	     89.5038	     42.6882	     10.1004	      0.0000	      0.2992	      0.4094	     85.0000	      0.0000	      0.0000	      0.0000	      0.0000
    640.0000	3072640.8063	1338509.1040	  10128.9074	     63.7746	    350.6267	     14.2132	      0.0000	      0.2134	      0.4062	     85.0000	      0.0000	      0.0000	      0.0000	      0.0000
    644.0000	3072609.3800	1338783.0987	  10191.5418	     70.7035	    353.4569	     12.7953	      0.0000	      0.2368	      0.4031	     85.0000	      0.0000	      0.0000	      0.0000	      0.0000
    648.0000	3072576.4117	1339051.8645	  10238.6314	     68.7111	    353.0067	      9.8653	      0.0000	      0.2303	      0.4007	     85.0000	      0.0000	      0.0000	      0.0000	      0.0000
    652.0000	3072419.7437	1339318.5435	  10301.2658	     78.8930	    329.5667	     11.4480	      0.0000	      0.2646	      0.3976	     85.0000	      0.0000	      0.0000	      0.0000	      0.0000
    656.0000	3072185.8287	1339591.3328	  10348.3554	     90.6048	    319.3871	      7.4656	      0.0000	      0.3041	      0.3953	     85.0000	      0.0000	      0.0000	      0.0000	      0.0000
    660.0000	3071953.4350	1339884.1019	  10403.2174	     94.4492	    321.5582	      8.3498	      0.0000	      0.3173	      0.3926	     85.0000	      0.0000	      0.0000	      0.0000	      0.0000
    664.0000	3071720.1334	1340158.8699	  10458.0794	     91.1513	    319.6659	      8.6541	      0.0000	      0.3064	      0.3899	     85.0000	      0.0000	      0.0000	      0.0000	      0.0000
    668.0000	3071486.5793	1340428.6336	  10505.1690	     89.9783	    319.1149	      7.5179	      0.0000	      0.3027	      0.3876	     85.0000	      0.0000	      0.0000	      0.0000	      0.0000
    672.0000	3071254.4599	1340726.8401	  10552.2586	     95.2050	    322.1033	      7.1030	      0.0000	      0.3205	      0.3853	     85.0000	      0.0000	      0.0000	      0.0000	      0.0000
    676.0000	3071022.6392	1341030.9695	  10591.5758	     96.1059	    322.6838	      5.8702	      0.0000	      0.3237	      0.3834	     85.0000	      0.0000	      0.0000	      0.0000	      0.0000
    680.0000	3070790.4894	1341328.5744	  10630.8930	     94.8710	    322.0436	      5.9469	      0.0000	      0.3198	      0.3815	     85.0000	      0.0000	      0.0000	      0.0000	      0.0000
    684.0000	3070558.6686	1341632.7039	  10670.2102	     96.1059	    322.6838	      5.8702	      0.0000	      0.3241	      0.3796	     85.0000	      0.0000	      0.0000	      0.0000	      0.0000
    689.0000	3070324.9830	1341899.8595	  10709.5274	     71.4218	    318.8233	      6.3210	      0.0000	      0.2410	      0.3777	     85.0000	      0.0000	      0.0000	      0.0000	      0.0000
    692.0000	3070091.4403	1342169.8441	  10748.8446	    119.7125	    319.1395	      6.2852	      0.0000	      0.4042	      0.3758	     85.0000	      0.0000	      0.0000	      0.0000	      1.0000
    696.0000	3069860.8784	1342498.9330	  10788.1618	    100.9344	    324.9847	      5.5885	      0.0000	      0.3410	      0.3740	     85.0000	      0.0000	      0.0000	      0.0000	      1.0000
    700.0000	3069630.5113	1342831.8861	  10827.4790	    101.6958	    325.3210	      5.5465	      0.0000	      0.3438	      0.3721	     85.0000	      0.0000	      0.0000	      0.0000	      1.0000
    704.0000	3069398.4163	1343130.5783	  10874.5686	     95.2964	    322.1515	      7.0961	      0.0000	      0.3224	      0.3699	     85.0000	      0.0000	      0.0000	      0.0000	      0.0000
    708.0000	3069166.4311	1343431.4454	  10913.8858	     95.4869	    322.3658	      5.9084	      0.0000	      0.3232	      0.3680	     85.0000	      0.0000	      0.0000	      0.0000	      0.0000
    712.0000	3068936.0337	1343763.7968	  10960.9754	    101.7834	    325.2690	      6.6418	      0.0000	      0.3447	      0.3658	     85.0000	      0.0000	      0.0000	      0.0000	      1.0000
    716.0000	3068705.6693	1344096.8023	  11008.0650	    101.9123	    325.3256	      6.6333	      0.0000	      0.3454	      0.3636	     85.0000	      0.0000	      0.0000	      0.0000	      1.0000
    720.0000	3068473.7389	1344398.7569	  11055.1546	     95.9120	    322.4722	      7.0504	      0.0000	      0.3253	      0.3615	     85.0000	      0.0000	      0.0000	      0.0000	      0.0000
    724.0000	3068243.2101	1344728.5000	  11102.2442	    101.2705	    325.0420	      6.6756	      0.0000	      0.3437	      0.3593	     85.0000	      0.0000	      0.0000	      0.0000	      1.0000
    728.0000	3068012.4835	1345054.3266	  11149.3338	    100.5035	    324.6967	      6.7267	      0.0000	      0.3414	      0.3571	     85.0000	      0.0000	      0.0000	      0.0000	      1.0000
    732.0000	3067782.3082	1345391.0802	  11196.4234	    102.6527	    325.6469	      6.5853	      0.0000	      0.3489	      0.3550	     85.0000	      0.0000	      0.0000	      0.0000	      1.0000
    736.0000	3067552.0179	1345725.5541	  11243.5130	    102.2020	    325.4520	      6.6144	      0.0000	      0.3476	      0.3528	     85.0000	      0.0000	      0.0000	      0.0000	      1.0000
    740.0000	3067321.4560	1346054.6431	  11298.3750	    101.3867	    324.9847	      7.7748	      0.0000	      0.3452	      0.3503	     85.0000	      0.0000	      0.0000	      0.0000	      1.0000
    744.0000	3067089.5586	1346357.2518	  11353.2370	     96.2933	    322.5361	      8.1888	      0.0000	      0.3281	      0.3479	     85.0000	      0.0000	      0.0000	      0.0000	      0.0000
    749.0000	3066858.9200	1346684.8200	  11415.8714	     81.0970	    324.8509	      8.8859	      0.0000	      0.2766	      0.3451	     85.0000	      0.0000	      0.0000	      0.0000	      0.0000
