Trajektorie für sonAIR 
----------------------------------------------------------
Quelle:	n-Sphere
Variablen-Informationen:
Time [s]: Lokalzeit seit Mitternacht	X [m]: Metrische X-Koordinate (Rechtswert)	Y [m]: Metrische Y-Koordinate (Hochwert)	Z [m]: Höhe über MSL	V [m/s]: Bahngeschwindigkeit	Track-Angle [°]: Bahnazimuth	Climb Angle [°]: Bahnneigungswinkel	BankAngle [°]: Rollwinkel	Ma: Machzahl	Density [kg/m^3]: Dichte	N1[%]: Drehzahl Niederdruckwelle	Flaps: Klappenstellung (Flaps und Slats)	Gears: Fahrwerk ausgefahren (1)	Speedbrakes: Störklappen aktiv (1)	Flight phase: Flugphase
----------------------------------------------------------
BID:	---
Zeit TDAB:	---
Flugzeugtyp (ICAO):	A333_TRENT7
Triebwerkstyp:	---
IMM:	---
ICAO Flugnr:	SWR8T
Flughafen:	LSZH
Destination:	KORD
Procedure:	S
RWY:	16
Route:	B
Subroute:	---
MTOW:	---
ATOW:	---
Zabs:	1

Time	X	Y	Z	V	TrackAngle	ClimbAngle	BankAngle	Ma	Density	N1	Flaps	Gears	Speedbrakes	FlightPhase
37410	2682727.582	1258877.088	411	0	0	0	0	0	1.177372184	100	0	1	0	0
37411	2682727.582	1258877.088	411	0	0	0	0	0	1.177372184	100	0	1	0	0
37412	2682727.582	1258877.088	411	0	0	0	0	0	1.177372184	100	0	1	0	0
37413	2682727.582	1258877.088	411	0	0	0	0	0	1.177372184	100	0	1	0	0
37414	2682727.582	1258877.088	411	0	0	0	0	0	1.177372184	100	0	1	0	0
37415	2682727.582	1258877.088	411	0	0	0	0	0	1.177372184	100	0	1	0	0
37416	2682727.582	1258877.088	411	0	0	0	0	0	1.177372184	100	0	1	0	0
37417	2682727.582	1258877.088	411	0	0	0	0	0	1.177372184	100	0	1	0	0
37418	2682727.582	1258877.088	411	0	0	0	0	0	1.177372184	100	0	1	0	0
37419	2682727.582	1258877.088	411	0	0	0	0	0	1.177372184	100	0	1	0	0
37420	2682727.582	1258877.088	411	0	0	0	0	0	1.177372184	100	0	1	0	0
37421	2682727.582	1258877.088	411	0	0	0	0	0	1.177372184	100	0	1	0	0
37422	2682727.582	1258877.088	411	0	0	0	0	0	1.177372184	100	0	1	0	0
37423	2682727.582	1258877.088	411	0	0	0	0	0	1.177372184	100	0	1	0	0
37424	2682727.582	1258877.088	411	0	0	0	0	0	1.177372184	100	0	1	0	0
37425	2682727.582	1258877.088	411	0	0	0	0	0	1.177372184	100	0	1	0	0
37426	2682727.582	1258877.088	411	0	0	0	0	0	1.177372184	100	0	1	0	0
37427	2682727.582	1258877.088	411	0	0	0	0	0	1.177372184	100	0	1	0	0
37428	2682727.582	1258877.088	411	0	0	0	0	0	1.177372184	100	0	1	0	0
37429	2682727.582	1258877.088	411	0	0	0	0	0	1.177372184	100	0	1	0	0
37430	2682728.133	1258875.629	411	0	0	0	0	0	1.177372184	100	0	1	0	0
37431	2682728.133	1258875.629	411	0	0	0	0	0	1.177372184	100	0	1	0	0
37432	2682728.133	1258875.629	411	0	0	0	0	0	1.177372184	100	0	1	0	0
37433	2682729.463	1258873.102	411	0	0	0	0	0	1.177372184	100	0	1	0	0
37434	2682730.309	1258871.95	411	0	0	0	0	0	1.177372184	100	0	1	0	0
37435	2682730.327	1258870.656	411	0	0	0	0	0	1.177372184	100	0	1	0	0
37436	2682731.708	1258866.793	411	0	0	0	0	0	1.177372184	100	0	1	0	0
37437	2682734.799	1258861.724	411	0	0	0	0	0	1.177372184	100	0	1	0	0
37438	2682734.799	1258861.724	411	0	0	0	0	0	1.177372184	100	0	1	0	0
37439	2682734.799	1258861.724	411	0	0	0	0	0	1.177372184	100	0	1	0	0
37440	2682734.799	1258861.724	411	0	0	0	0	0	1.177372184	100	0	1	0	0
37441	2682752.1	1258827.607	411	0	0	0	0	0	1.177372184	100	0	1	0	0
37442	2682752.1	1258827.607	411	0	0	0	0	0	1.177372184	100	0	1	0	0
37443	2682774.719	1258783.385	411	0	0	0	0	0	1.177372184	100	0	1	0	0
37444	2682774.719	1258783.385	411	0	0	0	0	0	1.177372184	100	0	1	0	0
37445	2682786.703	1258759.374	411	0	0	0	0	0	1.177372184	100	0	1	0	0
37446	2682786.703	1258759.374	411	0	0	0	0	0	1.177372184	100	0	1	0	0
37447	2682786.703	1258759.374	411	0	0	0	0	0	1.177372184	100	0	1	0	0
37448	2682824.001	1258683.543	411	0	0	0	0	0	1.177372184	100	0	1	0	0
37449	2682855.987	1258617.474	411	0	0	0	0	0	1.177372184	100	0	1	0	0
37450	2682870.661	1258586.211	411	0	0	0	0	0	1.177372184	100	0	1	0	0
37451	2682892.889	1258541.638	411	0	0	0	0	0	1.177372184	100	0	1	0	0
37452	2682902.451	1258522.361	411	0	0	0	0	0	1.177372184	100	0	1	0	0
37453	2682925.738	1258470.922	411	0	0	0	0	0	1.177372184	100	0	1	0	0
37454	2682946.226	1258429.798	411	0	0	0	0	0	1.177372184	100	0	1	0	0
37455	2682947.571	1258428.523	411	0	0	0	0	0	1.177372184	100	0	1	0	0
37456	2682991.91	1258338.492	411	0	0	0	0	0	1.177372184	100	0	1	0	0
37457	2683006.346	1258307.701	411	0	0	0	0	0	1.177372184	100	0	1	0	0
37458	2683043.912	1258229.783	411	0	0	0	0	0	1.177372184	100	0	1	0	0
37459	2683070.596	1258172.893	411	0	0	0	0	0	1.177372184	100	0	1	0	0
37460	2683100.722	1258109.732	411	0	0	0	0	0	1.177372184	100	0	1	0	0
37461	2683137.248	1258035.122	411	0	0	0	0	0	1.177372184	100	0	1	0	0
37462	2683154.048	1257999.188	411	0	0	0	0	0	1.177372184	100	0	1	0	0
37463	2683195.904	1257913.783	411	0	0	0	0	0	1.177372184	100	0	1	0	0
37464	2683193.245	1257918.835	411	0	0	0	0	0	1.177372184	100	0	1	0	0
37465	2683238.796	1257825.674	411	0	0	0	0	0	1.177372184	100	0	1	0	0
37466	2683238.796	1257825.674	411	0	0	0	0	0	1.177372184	100	0	1	0	0
37467	2683305.21	1257688.808	411	0	0	0	0	0	1.177372184	100	0	1	0	0
37468	2683305.21	1257688.808	411	0	0	0	0	0	1.177372184	100	0	1	0	0
37469	2683376.919	1257539.033	411	0	0	0	0	0	1.177372184	100	0	1	0	0
37470	2683376.919	1257539.033	411	0	0	0	0	0	1.177372184	100	0	1	0	0
37471	2683376.919	1257539.033	411	0	0	0	0	0	1.177372184	100	0	1	0	0
37472	2683504.071	1257278.121	411.48	81.23279474	154.8954313	0.020014294	0	0.239829096	1.177317406	100	0	1	0	0
37473	2683504.071	1257278.121	434.34	83.06716682	154.7044536	0.035240047	0	0.245308679	1.174710855	100	0	1	0	0
37474	2683564.232	1257154.736	449.58	84.21712072	154.6871162	0.096813223	0	0.248747827	1.17297562	100	0	1	0	0
37475	2683607.954	1257067.354	457.2	84.21712072	154.6871162	0.096813223	0	0.248769425	1.172108741	100	0	1	0	0
37476	2683639.987	1256989.815	464.82	83.9984706	155.0043036	0.132363569	0	0.2481451	1.171242355	100	0	1	0	0
37477	2683679.105	1256918.243	487.68	83.78240816	155.3231368	0.15250672	0	0.247571324	1.168646148	100	0	1	0	0
37478	2683714.628	1256838.166	510.54	83.31526199	155.1754452	0.15337513	0	0.246255136	1.166054365	100	0	0	0	0
37479	2683752.021	1256757.252	510.54	83.31526199	155.1754452	0.149383416	0	0.246255136	1.166054365	100	0	0	0	0
37480	2683772.233	1256717.68	510.54	83.31526199	155.1754452	0.149383416	0	0.246255136	1.166054365	100	0	0	0	0
37481	2683831.918	1256600.589	533.4	83.31526199	155.1754452	0.149383416	0	0.246319384	1.163467	100	0	0	0	0
37482	2683863.993	1256529.781	548.64	83.31526199	155.1754452	0.149383416	0	0.246362243	1.161744543	100	0	0	0	0
37483	2683898.11	1256455.465	563.88	83.31526199	155.1754452	0.15337513	0	0.246405124	1.160024046	100	0	0	0	0
37484	2683938.645	1256378.135	571.5	82.84867566	155.0260891	0.158272596	0	0.245046523	1.159164532	100	0	0	0	0
37485	2683974.66	1256301.258	601.98	82.84867566	155.0260891	0.162297684	0	0.245131894	1.155731368	100	0	0	0	0
37486	2684013.009	1256218.979	594.36	82.84867566	155.0260891	0.162297684	0	0.245110543	1.156588926	100	0	0	0	0
37487	2684029.382	1256188.153	617.22	82.84867566	155.0260891	0.162297684	0	0.245174612	1.154017719	100	0	0	0	0
37488	2684078.649	1256085.324	640.08	82.84867566	155.0260891	0.170363384	0	0.245238732	1.151450906	100	0	0	0	0
37489	2684119.969	1256009.128	647.7	82.84867566	155.0260891	0.170363384	0	0.245260116	1.150596278	100	0	0	0	0
37490	2684149.75	1255941.395	670.56	82.63280902	155.3494153	0.17081703	0	0.244685096	1.148035316	100	0	0	0	0
37491	2684182.646	1255869.393	678.18	82.63280902	155.3494153	0.17081703	0	0.244706447	1.147182636	100	0	0	0	0
37492	2684237.436	1255761.381	685.8	83.10060739	155.4973405	0.165814447	0	0.246113249	1.146330443	100	0	0	0	0
37493	2684269.593	1255685.487	701.04	83.31526199	155.1754452	0.161373033	0	0.246792058	1.144627516	100	0	0	0	0
37494	2684303.173	1255612.287	716.28	83.31526199	155.1754452	0.161373033	0	0.246835162	1.142926533	100	0	0	0	0
37495	2684346.769	1255535.262	731.52	83.31526199	155.1754452	0.165379483	0	0.246878289	1.141227493	100	0	0	0	0
37496	2684346.769	1255535.262	731.52	83.31526199	155.1754452	0.165379483	0	0.246878289	1.141227493	100	0	0	0	0
37497	2684403.043	1255407.43	754.38	83.31526199	155.1754452	0.165379483	0	0.246943021	1.138682573	100	0	0	0	0
37498	2684439.94	1255334.71	769.62	83.31526199	155.1754452	0.169391108	0	0.246986203	1.136988384	100	0	0	0	0
37499	2684477.65	1255260.88	784.86	83.10060739	155.4973405	0.165814447	0	0.246392959	1.135296132	100	0	0	0	0
37500	2684509.813	1255184.987	800.1	83.10060739	155.4973405	0.165814447	0	0.246436075	1.133605816	100	0	0	0	0
37501	2684544.036	1255113.61	807.72	83.78240816	155.3231368	0.156479874	0	0.248479708	1.132761384	100	0	0	0	0
37502	2684595.219	1255008.052	822.96	83.78240816	155.3231368	0.156479874	0	0.248523212	1.131073968	100	0	0	0	0
37503	2684611.265	1254972.65	822.96	83.78240816	155.3231368	0.15250672	0	0.248523212	1.131073968	100	0	0	0	0
37504	2684669.908	1254856.415	838.2	83.78240816	155.3231368	0.15250672	0	0.248566739	1.129388485	100	0	0	0	0
37505	2684702.814	1254784.589	861.06	83.78240816	155.3231368	0.15250672	0	0.248632071	1.12686388	100	0	0	0	0
37506	2684741.109	1254707.491	876.3	83.9984706	155.0043036	0.160038102	0	0.249316952	1.12518322	100	0	0	0	0
37507	2684782.022	1254623.874	883.92	83.9984706	155.0043036	0.160038102	0	0.249338809	1.124343613	100	0	0	0	0
37508	2684806.633	1254584.195	899.16	84.19826684	153.1218602	0.167581417	0	0.249975712	1.122665843	100	0	0	0	0
37509	2684851.031	1254507.789	922.02	84.24225266	151.5570714	0.17146249	0	0.250172129	1.120152795	100	0	0	0	0
37510	2684903.846	1254437.284	929.64	83.98429378	149.0362435	0.17598785	0	0.249427962	1.119316073	100	0	0	0	0
37511	2684946.232	1254371.721	937.26	83.98429378	149.0362435	0.17598785	0	0.249449855	1.118479832	100	0	0	0	0
37512	2684974.8	1254343.315	944.88	84.31917262	146.6977152	0.179251634	0	0.250466496	1.117644071	100	0	0	0	0
37513	2685055.899	1254246.128	982.98	84.11337211	140.9571311	0.175712254	0	0.249964921	1.113472461	100	0	0	0	0
37514	2685135.841	1254155.568	990.6	84.11337211	140.9571311	0.175712254	0	0.249986887	1.112639577	100	0	0	0	0
37515	2685201.271	1254113.632	998.22	84.39915772	135.9877604	0.155318022	0	0.250858295	1.111807171	100	0	0	0	0
37516	2685271.98	1254055.725	1005.84	84.39915772	135.9877604	0.155318022	0	0.250880348	1.110975244	100	0	0	0	0
37517	2685340.125	1254000.715	1021.08	84.92579319	131.3165136	0.127009767	0	0.252490193	1.109312825	100	0	0	0	0
37518	2685413.377	1253950.87	1028.7	85.56059007	129.1439864	0.110644755	0	0.254399861	1.108482332	100	0	0	0	0
37519	2685416.164	1253951.083	1028.7	85.56059007	129.1439864	0.110644755	0	0.254399861	1.108482332	100	0	0	0	0
37520	2685523.258	1253876.104	1043.94	86.60569997	124.3507803	0.082776848	0	0.257552629	1.10682278	100	0	0	0	0
37521	2685612.053	1253826.486	1051.56	86.60569997	124.3507803	0.082776848	0	0.257575294	1.105993721	100	0	0	0	0
37522	2685684.197	1253789.311	1043.94	86.91526027	122.1851059	0.074952989	0	0.258473216	1.10682278	100	0	0	0	0
37523	2685758.125	1253757.338	1051.56	87.79370405	119.8697992	0.070477653	0	0.261108554	1.105993721	100	0	0	0	0
37524	2685860.497	1253724.571	1059.18	89.06394182	114.9369273	0.06946924	0	0.264909701	1.105165138	100	0	0	0	0
37525	2685940.717	1253689.5	1074.42	89.22867868	112.7214982	0.073002705	0	0.265446423	1.103509404	100	0	0	0	0
37526	2686031.263	1253675.286	1074.42	89.65469249	109.7865041	0.076301071	0	0.266713772	1.103509404	100	0	0	0	0
37527	2686117.327	1253640.389	1082.04	89.97287912	107.2954001	0.079665631	0	0.267683916	1.102682252	100	0	0	0	0
37528	2686164.69	1253635.815	1082.04	89.97287912	107.2954001	0.079665631	0	0.267683916	1.102682252	100	0	0	0	0
37529	2686299.079	1253612.494	1104.9	89.89049444	101.888658	0.083379861	0	0.267509492	1.100203654	100	0	0	0	0
37530	2686398.991	1253602.995	1104.9	89.89049444	101.888658	0.083379861	0	0.267509492	1.100203654	100	0	0	0	0
37531	2686490.821	1253610.202	1112.52	90.09484641	96.5569465	0.079557327	0	0.26814126	1.099378407	100	0	0	0	0
37532	2686573.778	1253606.324	1120.14	90.09484641	96.5569465	0.079557327	0	0.268164893	1.098553635	100	0	0	0	0
37533	2686651.333	1253617.639	1120.14	90.57084848	91.62728332	0.075526313	0	0.2695817	1.098553635	100	0	0	0	0
37534	2686749.757	1253619.08	1127.76	90.57084848	91.62728332	0.075526313	0	0.269605465	1.097729339	100	0	0	0	0
37535	2686786.539	1253629.368	1135.38	90.54016705	89.34893962	0.071941578	0	0.269537897	1.096905518	100	0	0	0	0
37536	2686956.1	1253662.914	1143	91.06034545	83.8385219	0.078710295	0	0.271110372	1.096082172	100	0	0	0	0
37537	2687003.841	1253668.792	1158.24	91.06034545	83.8385219	0.078710295	0	0.271158202	1.094436905	100	0	0	0	0
37538	2687100.962	1253695.498	1165.86	90.89747268	78.24493724	0.086054131	0	0.270697083	1.093614983	100	0	0	0	0
37539	2687188.957	1253728.456	1173.48	90.89747268	78.24493724	0.086054131	0	0.27072097	1.092793536	100	0	0	0	0
37540	2687260.646	1253758.932	1173.48	90.31338649	73.11320888	0.086613442	0	0.26898138	1.092793536	100	0	0	0	0
37541	2687352.665	1253798.163	1196.34	89.966997	70.63265245	0.086948594	0	0.268020691	1.090332038	100	0	0	0	0
37542	2687430.312	1253847.967	1196.34	89.9831719	67.83365418	0.083293588	0	0.268068877	1.090332038	100	0	0	0	0
37543	2687517.845	1253884.892	1196.34	89.9831719	67.83365418	0.083293588	0	0.268068877	1.090332038	100	0	0	0	0
37544	2687552.947	1253909.826	1203.96	89.7844602	65.63754698	0.079833523	0	0.267500515	1.089512487	100	0	0	0	0
37545	2687673.915	1253994.439	1219.2	89.83602025	60.49927538	0.068870306	0	0.267701417	1.087874803	100	0	0	0	0
37546	2687747.679	1254036.944	1226.82	89.83602025	60.49927538	0.068870306	0	0.267725069	1.087056671	100	0	0	0	0
37547	2687830.426	1254118.578	1234.44	89.89049444	55.49147701	0.065195348	0	0.267911083	1.086239011	100	0	0	0	0
37548	2687897.083	1254165.379	1234.44	89.89049444	55.49147701	0.065195348	0	0.267911083	1.086239011	100	0	0	0	0
37549	2687946.715	1254231.425	1242.06	89.50700082	50.36306942	0.061828411	0	0.26679169	1.085421824	100	0	0	0	0
37550	2688004.46	1254278.872	1249.68	89.55281129	47.32781509	0.061796703	0	0.266951833	1.08460511	100	0	0	0	0
37551	2688025.171	1254315.415	1249.68	89.55281129	47.32781509	0.061796703	0	0.266951833	1.08460511	100	0	0	0	0
37552	2688118.946	1254441.044	1264.92	89.28204157	41.49646836	0.065640922	0	0.266191752	1.082973098	100	0	0	0	0
37553	2688176.456	1254504.018	1272.54	89.28204157	41.49646836	0.065640922	0	0.266215295	1.082157799	100	0	0	0	0
37554	2688217.643	1254592.632	1280.16	89.10255614	36.07601156	0.065773527	0	0.26570362	1.081342973	100	0	0	0	0
37555	2688269.607	1254671.053	1280.16	89.10255614	36.07601156	0.065773527	0	0.26570362	1.081342973	100	0	0	0	0
37556	2688300.09	1254764.684	1295.4	89.0149072	30.56626989	0.069507631	0	0.265489227	1.079714734	100	0	0	0	0
37557	2688341.351	1254848.123	1303.02	89.05205712	27.89727103	0.069478541	0	0.265623535	1.078901321	100	0	0	0	0
37558	2688372.582	1254935.985	1303.02	89.06394182	24.93692733	0.06946924	0	0.265658985	1.078901321	100	0	0	0	0
37559	2688391.997	1255014.526	1318.26	89.06394182	24.93692733	0.06946924	0	0.265706025	1.077275908	100	0	0	0	0
37560	2688412.19	1255058.741	1310.64	88.83637136	22.10944834	0.069647773	0	0.265003647	1.078088379	100	0	0	0	0
37561	2688436.184	1255186.354	1325.88	88.82594569	19.27438736	0.073334879	0	0.265019473	1.076463907	100	0	0	0	0
37562	2688457.184	1255274.323	1341.12	88.53950588	16.539824	0.077265907	0	0.264211656	1.074841317	100	0	0	0	0
37563	2688461.103	1255367.558	1348.74	88.4782189	10.72196906	0.077319641	0	0.264052162	1.074030727	100	0	0	0	0
37564	2688473.66	1255451.604	1356.36	88.4782189	10.72196906	0.077319641	0	0.264075561	1.073220606	100	0	0	0	0
37565	2688473.66	1255451.604	1363.98	88.34653254	5.345445373	0.077435351	0	0.263705895	1.072410955	100	0	0	0	0
37566	2688470.998	1255629.721	1371.6	88.59776392	2.995303288	0.077214899	0	0.264479239	1.071601774	100	0	0	0	0
37567	2688470.998	1255629.721	1379.22	88.59776392	2.995303288	0.077214899	0	0.264502689	1.070793061	100	0	0	0	0
37568	2688470.998	1255629.721	1379.22	88.99260981	0.331185788	0.069525103	0	0.265681474	1.070793061	100	0	0	0	0
37569	2688447.904	1255895.361	1379.22	89.02828296	358.3445135	0.054832954	0	0.265787974	1.070793061	100	0	0	0	0
37570	2688425.346	1255983.024	1379.22	89.71812516	356.0548138	0.03988286	0	0.267847452	1.070793061	100	0	0	0	0
37571	2688413.255	1256081.196	1386.84	90.03755706	353.7682544	0.032509884	0	0.268824931	1.069984818	100	0	0	0	0
37572	2688380.076	1256168.701	1394.46	90.79407167	348.5627438	0.028654643	0	0.271107698	1.069177043	100	0	0	0	0
37573	2688358.009	1256259.219	1394.46	90.79407167	348.5627438	0.028654643	0	0.271107698	1.069177043	100	0	0	0	0
37574	2688315.219	1256350.204	1394.46	92.28419782	343.4842974	0.024666211	0	0.275557159	1.069177043	100	0	0	0	0
37575	2688277.608	1256441.266	1402.08	92.28419782	343.4842974	0.024666211	0	0.275581603	1.068369737	100	0	0	0	0
37576	2688277.608	1256441.266	1402.08	92.56476716	340.8602177	0.021077229	0	0.276419447	1.068369737	100	0	0	0	0
37577	2688192.337	1256602.882	1402.08	93.9606796	336.1012084	0.010380885	0	0.280587959	1.068369737	100	0	0	0	0
37578	2688154.806	1256688.856	1402.08	93.9606796	336.1012084	0.010380885	0	0.280587959	1.068369737	100	0	0	0	0
37579	2688094.982	1256764.922	1402.08	95.77920815	331.0948368	0.003394487	0	0.286018499	1.068369737	100	0	0	0	0
37580	2688048.908	1256845.076	1402.08	95.77920815	331.0948368	0.003394487	0	0.286018499	1.068369737	100	0	0	0	0
37581	2687975.695	1256928.795	1402.08	97.01853816	325.8043946	0	0	0.28971942	1.068369737	100	0	0	0	0
37582	2687905.512	1257005.4	1409.7	97.01853816	325.8043946	0	0	0.289745125	1.0675629	100	0	0	0	0
37583	2687869.779	1257051.112	1409.7	97.73591556	323.1301024	0	0	0.291887567	1.0675629	100	0	0	0	0
37584	2687770.054	1257141.256	1409.7	99.41228904	317.726311	0.009811577	0	0.296894044	1.0675629	100	0	0	0	0
37585	2687700.588	1257214.595	1409.7	99.41228904	317.726311	0.009811577	0	0.296894044	1.0675629	100	0	0	0	0
37586	2687609.478	1257270.187	1417.32	100.5200437	312.0961811	0.022644528	0	0.300228985	1.066756531	100	0	0	0	1
37587	2687539.533	1257331.269	1417.32	100.5200437	312.0961811	0.022644528	0	0.300228985	1.066756531	100	0	0	0	1
37588	2687448.503	1257381.688	1424.94	101.5597217	309.6569442	0.025615753	0	0.303361173	1.065950629	100	0	0	0	1
37589	2687361.731	1257440.626	1424.94	101.7484401	306.9857636	0.028765914	0	0.303924879	1.065950629	100	0	0	0	1
37590	2687266.449	1257482.53	1432.56	102.7834159	301.7014297	0.034808767	0	0.307043629	1.065145196	100	0	0	0	1
37591	2687173.94	1257534.57	1440.18	102.7834159	301.7014297	0.034808767	0	0.30707089	1.06434023	100	0	0	0	1
37592	2687116.695	1257554.088	1432.56	103.1739846	299.2488263	0.037832218	0	0.30821037	1.065145196	100	0	0	0	1
37593	2686956.517	1257612.556	1447.8	104.3026759	294.1633246	0.037422439	0	0.311637431	1.063535732	100	0	0	0	1
37594	2686849.796	1257647.224	1447.8	104.3026759	294.1633246	0.037422439	0	0.311637431	1.063535732	100	0	0	0	1
37595	2686794.019	1257666.421	1455.42	105.2610319	289.4089718	0.040174724	0	0.314528758	1.062731701	100	0	0	0	1
37596	2686684.522	1257691.388	1455.42	105.2610319	289.4089718	0.040174724	0	0.314528758	1.062731701	100	0	0	0	1
37597	2686586.432	1257699.011	1463.04	106.3003912	284.5742162	0.036718517	0	0.317662666	1.061928137	100	0	0	0	1
37598	2686471.542	1257729.684	1463.04	106.7400769	281.9597622	0.036567131	0	0.318976601	1.061928137	100	0	0	0	1
37599	2686423.758	1257728.986	1470.66	106.7400769	281.9597622	0.036567131	0	0.319004941	1.06112504	100	0	0	0	1
37600	2686253.558	1257747.208	1470.66	107.4848919	279.6426388	0.036313516	0	0.321230906	1.06112504	100	0	0	0	1
37601	2686135.25	1257748.418	1470.66	107.8277669	277.1250163	0.036197943	0	0.322255627	1.06112504	100	0	0	0	1
37602	2686021.513	1257736.583	1478.28	108.420003	274.8990925	0.036000044	0	0.324054387	1.06032241	100	0	0	0	1
37603	2685892.172	1257729.613	1485.9	109.173959	272.7006293	0.035751215	0	0.326336873	1.059520246	100	0	0	0	1
37604	2685781.328	1257719.637	1485.9	110.6150432	268.934155	0.032342496	0	0.330644484	1.059520246	100	0	0	0	1
37605	2685670.056	1257702.495	1485.9	111.2816384	266.8201699	0.029224276	0	0.332637034	1.059520246	100	0	0	0	1
37606	2685606.494	1257691.222	1485.9	112.0517628	264.99608	0.023216299	0	0.334939048	1.059520246	100	0	0	0	1
37607	2685499.338	1257683.202	1493.52	112.8166301	263.7175079	0.020175649	0	0.337255325	1.058718548	100	0	0	0	1
37608	2685432.262	1257666.963	1493.52	112.8166301	263.7175079	0.020175649	0	0.337255325	1.058718548	100	0	0	0	1
37609	2685251.519	1257633.815	1493.52	114.4339592	261.4692344	0.00568229	0	0.342090187	1.058718548	100	0	0	0	1
37610	2685132.748	1257611.744	1493.52	114.4339592	261.4692344	0.00568229	0	0.342090187	1.058718548	100	0	0	0	1
37611	2685019.226	1257584.661	1493.52	116.5418711	259.8308717	0.002789734	0	0.348391603	1.058718548	100	0	0	0	1
37612	2684905.63	1257562.669	1493.52	117.8345561	259.1806016	0.00275913	0	0.352255971	1.058718548	100	0	0	0	1
37613	2684787.002	1257530.427	1493.52	118.5364549	258.7388299	0.002742792	0	0.354354235	1.058718548	100	0	0	0	1
37614	2684663.942	1257501.661	1493.52	118.5364549	258.7388299	0.002742792	0	0.354354235	1.058718548	100	0	0	0	1
37615	2684605.759	1257485.299	1493.52	119.8539926	258.111342	0.002712641	0	0.358292897	1.058718548	100	0	0	0	1
37616	2684430.966	1257443.893	1501.14	120.5726662	257.6832997	0.005392983	0	0.360473356	1.057917317	95	0	0	0	1
37617	2684327.791	1257416.971	1501.14	121.9137799	257.0778636	0.008000579	0	0.364482852	1.057917317	95	0	0	0	1
37618	2684155.992	1257370.18	1501.14	122.5307948	256.8972101	0.015921588	0	0.366327528	1.057917317	95	0	0	0	1
37619	2684039.547	1257342.643	1508.76	123.7684242	256.5413154	0.021017824	0	0.370060545	1.057116552	95	0	0	0	1
37620	2683925.438	1257309.447	1516.38	125.5103292	256.2485245	0.02590964	0	0.375302119	1.056316252	95	0	0	0	1
37621	2683790.944	1257271.824	1516.38	125.5103292	256.2485245	0.02590964	0	0.375302119	1.056316252	95	0	0	0	1
37622	2683674.569	1257239.118	1516.38	127.3811599	255.7392884	0.025528941	0	0.380896294	1.056316252	95	0	0	0	1
37623	2683559.238	1257207.551	1524	128.0069625	255.5728557	0.025404081	0	0.382801625	1.055516418	95	0	0	0	1
37624	2683486.975	1257191.261	1524	128.0069625	255.5728557	0.025404081	0	0.382801625	1.055516418	95	0	0	0	1
37625	2683346.528	1257151.666	1531.62	128.6338348	255.4080438	0.027809493	0	0.384710496	1.05471705	95	0	0	0	1
37626	2683156.101	1257097.222	1539.24	129.7592634	255.3026807	0.030075819	0	0.388110896	1.053918146	95	0	0	0	1
37627	2683027.999	1257057.549	1539.24	130.387858	255.1413856	0.034922959	0	0.389991027	1.053918146	95	0	0	0	1
37628	2682904.175	1257025.273	1546.86	130.8851233	255.1991299	0.039765105	0	0.391513195	1.053119708	95	0	0	0	1
37629	2682780.545	1256988.428	1554.48	132.5085667	255.1545479	0.046651767	0	0.396404643	1.052321734	95	0	0	0	1
37630	2682651.414	1256955.565	1562.1	132.5085667	255.1545479	0.046651767	0	0.396439937	1.051524225	95	0	0	0	1
37631	2682599.855	1256939.575	1569.72	133.0058611	255.2113224	0.05137761	0	0.397963181	1.050727181	95	0	0	0	1
37632	2682410.214	1256884.908	1584.96	134.1320884	255.1110451	0.055807053	0	0.401404435	1.049134484	95	0	0	0	1
37633	2682290.349	1256853.82	1584.96	134.1320884	255.1110451	0.055807053	0	0.401404435	1.049134484	95	0	0	0	1
37634	2682145.643	1256813.936	1592.58	134.6292822	255.1672956	0.060446655	0	0.402928237	1.048338832	95	0	0	0	1
37635	2682013.391	1256775.867	1600.2	135.1266048	255.2231321	0.062638768	0	0.404452699	1.047543643	95	0	0	0	1
37636	2681859.968	1256732.331	1615.44	136.1216308	255.3335809	0.069376095	0	0.407503588	1.045954656	95	0	0	0	1
37637	2681728.053	1256698.414	1623.06	136.1216308	255.3335809	0.069376095	0	0.407539921	1.045160857	95	0	0	0	1
37638	2681593.929	1256660.933	1645.92	136.6193314	255.3882019	0.076299582	0	0.409139463	1.042782237	95	0	0	0	1
37639	2681464.981	1256623.525	1645.92	136.6193314	255.3882019	0.076299582	0	0.409139463	1.042782237	95	0	0	0	1
37640	2681404.924	1256606.997	1645.92	137.1171553	255.4424262	0.078406746	0	0.410630317	1.042782237	95	0	0	0	1
37641	2681207.01	1256553.808	1676.4	137.7448292	255.2891091	0.087554034	0	0.412657318	1.039617217	95	0	0	0	1
37642	2681076.888	1256514.495	1676.4	137.7448292	255.2891091	0.087554034	0	0.412657318	1.039617217	95	0	0	0	1
37643	2680960.412	1256487.019	1691.64	137.7448292	255.2891091	0.08993293	0	0.412731017	1.038037477	95	0	0	0	1
37644	2680825.254	1256446.78	1714.5	137.7448292	255.2891091	0.094693779	0	0.41284164	1.035671325	95	0	0	0	1
37645	2680685.941	1256409.248	1737.36	137.7448292	255.2891091	0.101843106	0	0.41295235	1.03330932	95	0	0	0	1
37646	2680558.297	1256372.828	1737.36	137.7448292	255.2891091	0.101843106	0	0.41295235	1.03330932	95	0	0	0	1
37647	2680479.592	1256350.448	1737.36	137.7448292	255.2891091	0.10661501	0	0.41295235	1.03330932	95	0	0	0	1
37648	2680273.169	1256296.743	1783.08	137.7448292	255.2891091	0.113781947	0	0.413174036	1.028597727	95	0	0	0	1
37649	2680123.563	1256253.995	1790.7	137.7448292	255.2891091	0.113781947	0	0.413211018	1.027814069	95	0	0	0	1
37650	2679999.706	1256221.779	1798.32	137.7448292	255.2891091	0.120960442	0	0.41324801	1.02703087	95	0	0	0	1
37651	2679881.094	1256184.546	1821.18	137.7448292	255.2891091	0.120960442	0	0.413359045	1.024684023	95	0	0	0	1
37652	2679726.304	1256141.738	1844.04	137.2473541	255.2345769	0.128620846	0	0.411976892	1.022341298	95	0	0	0	1
37653	2679592.086	1256109.391	1851.66	137.2473541	255.2345769	0.128620846	0	0.412013819	1.021561305	95	0	0	0	1
37654	2679462.831	1256073.318	1882.14	137.1171553	255.4424262	0.135982309	0	0.411770631	1.018445903	95	0	0	0	1
37655	2679328.962	1256034.598	1905	136.6193314	255.3882019	0.138908804	0	0.410386089	1.016114146	95	0	0	0	1
37656	2679328.962	1256034.598	1897.38	136.6193314	255.3882019	0.138908804	0	0.410349262	1.016890943	95	0	0	0	1
37657	2679129.425	1255980.853	1927.86	136.6193314	255.3882019	0.138908804	0	0.410496628	1.013786493	95	0	0	0	1
37658	2678986.514	1255942.71	1958.34	136.4904722	255.5971523	0.136614381	0	0.410256832	1.01068933	95	0	0	0	1
37659	2678843.67	1255899.394	1973.58	136.4904722	255.5971523	0.129341994	0	0.410330584	1.009143477	95	0	0	0	1
37660	2678714.867	1255868.606	1988.82	136.4904722	255.5971523	0.129341994	0	0.410404375	1.007599442	95	0	0	0	1
37661	2678544.593	1255820.534	2011.68	136.6193314	255.3882019	0.119552295	0	0.410902698	1.005286792	95	0	0	0	1
37662	2678473.136	1255801.296	2019.3	136.6193314	255.3882019	0.119552295	0	0.410939672	1.004516816	95	0	0	0	1
37663	2678405.318	1255777.966	2019.3	136.1216308	255.3335809	0.115150645	0	0.40944263	1.004516816	95	0	0	0	1
37664	2678171.635	1255704.132	2049.78	136.7954684	254.2913622	0.107360572	0	0.411617666	1.00144144	95	0	0	0	1
37665	2678028.711	1255666.012	2057.4	136.7954684	254.2913622	0.107360572	0	0.411654738	1.000673728	95	0	0	0	1
37666	2677896.612	1255612.509	2072.64	136.8312487	252.7230721	0.100127358	0	0.411836604	0.99913966	95	0	0	0	1
37667	2677832.934	1255587.17	2087.88	136.8312487	252.7230721	0.100127358	0	0.411910837	0.997607399	95	0	0	0	1
37668	2677647.443	1255513.473	2103.12	136.9906959	250.4764263	0.095218205	0	0.412465189	0.996076944	95	0	0	0	1
37669	2677513.6	1255450.638	2110.74	136.9906959	250.4764263	0.095218205	0	0.412502384	0.995312393	95	0	0	0	1
37670	2677384.867	1255392.963	2118.36	137.0746934	247.9590277	0.090374982	0	0.412792542	0.994548294	95	0	0	0	1
37671	2677317.943	1255361.548	2141.22	137.1142605	246.8014095	0.087958751	0	0.41302347	0.992258698	95	0	0	0	1
37672	2677256.197	1255330.202	2133.6	137.1142605	246.8014095	0.087958751	0	0.412986202	0.993021446	95	0	0	0	1
37673	2677065.844	1255231.009	2148.84	137.4226861	245.4495476	0.082994149	0	0.413989889	0.9914964	95	0	0	0	1
37674	2676940.993	1255160.022	2164.08	137.8072473	244.1044851	0.082761491	0	0.415223354	0.989973154	95	0	0	0	1
37675	2676788.367	1255059.432	2179.32	138.1045457	241.5257964	0.080212762	0	0.416194301	0.988451706	95	0	0	0	1
37676	2676685.513	1255002.108	2186.94	138.1045457	241.5257964	0.080212762	0	0.416231899	0.987691657	95	0	0	0	1
37677	2676582.814	1254922.444	2202.18	138.6800595	238.9633481	0.082238261	0	0.418041973	0.986172904	95	0	0	0	1
37678	2676429.972	1254827.295	2202.18	138.6800595	238.9633481	0.082238261	0	0.418041973	0.986172904	95	0	0	0	1
37679	2676387.877	1254795.694	2209.8	138.8783538	238.0171122	0.084477598	0	0.418677557	0.985414201	95	0	0	0	1
37680	2676250.965	1254700.755	2240.28	138.8354776	237.2520187	0.084503811	0	0.418699709	0.982383871	95	0	0	0	1
37681	2676135.098	1254621.619	2247.9	138.9640665	236.7805238	0.086781988	0	0.41912542	0.981627409	95	0	0	0	1
37682	2676014.049	1254532.066	2263.14	139.3880427	236.1339992	0.091218518	0	0.42048025	0.980115826	95	0	0	0	1
37683	2675892.863	1254452.867	2270.76	139.3880427	236.1339992	0.091218518	0	0.42051831	0.979360706	95	0	0	0	1
37684	2675777.118	1254363.388	2286	139.5388797	235.6655286	0.093469177	0	0.421049601	0.977851806	95	0	0	0	1
37685	2675653.637	1254276.227	2301.24	139.829658	235.491477	0.095619536	0	0.422003438	0.976344693	95	0	0	0	1
37686	2675535.544	1254193.279	2316.48	139.6990247	235.1981008	0.09805863	0	0.421685591	0.974839365	95	0	0	0	1
37687	2675427.742	1254115.554	2331.72	139.6990247	235.1981008	0.09805863	0	0.421762034	0.97333582	95	0	0	0	1
37688	2675382.249	1254078.827	2331.72	139.6990247	235.1981008	0.102760144	0	0.421762034	0.97333582	95	0	0	0	1
37689	2675206.951	1253960.045	2346.96	139.6990247	235.1981008	0.105112575	0	0.421838518	0.971834058	95	0	0	0	1
37690	2675087.301	1253873.204	2369.82	139.9932507	235.0252272	0.10489004	0	0.422842016	0.969584753	95	0	0	0	1
37691	2674987.275	1253799.469	2385.06	139.9932507	235.0252272	0.107238565	0	0.422918765	0.96808744	95	0	0	0	1
37692	2674866.126	1253715.115	2392.68	139.9932507	235.0252272	0.107238565	0	0.422957155	0.96733945	95	0	0	0	1
37693	2674765.462	1253638.873	2423.16	139.9932507	235.0252272	0.107238565	0	0.423110819	0.964351928	95	0	0	0	1
37694	2674655.5	1253562.344	2430.78	139.9932507	235.0252272	0.107238565	0	0.42314926	0.963606156	95	0	0	0	1
37695	2674592.33	1253514.961	2430.78	139.9932507	235.0252272	0.107238565	0	0.42314926	0.963606156	95	0	0	0	1
37696	2674421.459	1253390.22	2468.88	139.9932507	235.0252272	0.107238565	0	0.423341626	0.959883941	95	0	0	0	1
37697	2674307.889	1253314.687	2468.88	139.9932507	235.0252272	0.107238565	0	0.423341626	0.959883941	95	0	0	0	1
37698	2674190.317	1253229.53	2484.12	139.9932507	235.0252272	0.107238565	0	0.423418644	0.958398152	95	0	0	0	1
37699	2674081.423	1253151.385	2514.6	139.9932507	235.0252272	0.10489004	0	0.423572807	0.955431875	95	0	0	0	1
37700	2673960.312	1253061.875	2514.6	139.9932507	235.0252272	0.10489004	0	0.423572807	0.955431875	95	0	0	0	1
37701	2673849.696	1252982.851	2529.84	139.9932507	235.0252272	0.10489004	0	0.423649951	0.953951384	95	0	0	0	1
37702	2673728.185	1252892.909	2552.7	139.9932507	235.0252272	0.102542659	0	0.423765746	0.951733952	95	0	0	0	1
37703	2673615.155	1252815.153	2560.32	139.9932507	235.0252272	0.102542659	0	0.423804365	0.950995689	95	0	0	0	1
37704	2673554.705	1252772.129	2567.94	139.9932507	235.0252272	0.102542659	0	0.423842995	0.950257866	95	0	0	0	1
37705	2673380.889	1252645.743	2583.18	139.9932507	235.0252272	0.102542659	0	0.423920285	0.948783539	95	0	0	0	1
37706	2673286.071	1252577.278	2606.04	140.4150617	235.1455444	0.102232473	0	0.425313955	0.946575343	95	0	0	0	1
37707	2673158.077	1252483.731	2628.9	140.4150617	235.1455444	0.102232473	0	0.425430414	0.944371099	95	0	0	0	1
37708	2673054.299	1252408.775	2628.9	140.4150617	235.1455444	0.102232473	0	0.425430414	0.944371099	95	0	0	0	1
37709	2672938.344	1252329.702	2644.14	140.4150617	235.1455444	0.102232473	0	0.425508105	0.942903794	95	0	0	0	1
37710	2672818.995	1252245.414	2659.38	140.4150617	235.1455444	0.099893402	0	0.42558584	0.941438242	95	0	0	0	1
37711	2672753.936	1252198.028	2659.38	140.4150617	235.1455444	0.099893402	0	0.42558584	0.941438242	95	0	0	0	1
37712	2672580.086	1252071.666	2697.48	140.8374881	235.2651405	0.101923715	0	0.427061282	0.937782016	95	0	0	0	1
37713	2672474.684	1251997.908	2705.1	140.8374881	235.2651405	0.101923715	0	0.427100335	0.937052082	95	0	0	0	1
37714	2672369.279	1251924.152	2727.96	140.8374881	235.2651405	0.104256726	0	0.427217558	0.934864898	95	0	0	0	1
37715	2672248.7	1251841.413	2743.2	140.8374881	235.2651405	0.104256726	0	0.427295759	0.933408955	95	0	0	0	1
37716	2672130.572	1251753.444	2758.44	140.4150617	235.1455444	0.106913964	0	0.426092142	0.931954755	95	0	0	0	1
37717	2672130.572	1251753.444	2773.68	140.4150617	235.1455444	0.109256436	0	0.426170194	0.930502296	95	0	0	0	1
37718	2671900.241	1251592.338	2781.3	140.4150617	235.1455444	0.109256436	0	0.426209236	0.929776719	95	0	0	0	1
37719	2671801.71	1251520.401	2796.54	140.4150617	235.1455444	0.111600093	0	0.426287352	0.928326869	95	0	0	0	1
37720	2671734.96	1251468.693	2796.54	140.4150617	235.1455444	0.111600093	0	0.426287352	0.928326869	95	0	0	0	1
37721	2671544.82	1251334.055	2834.64	140.4150617	235.1455444	0.116291068	0	0.426482827	0.924709842	95	0	0	0	1
37722	2671421.49	1251246.038	2849.88	140.4150617	235.1455444	0.116291068	0	0.426561092	0.923266067	95	0	0	0	1
37723	2671298.156	1251158.024	2865.12	139.6990247	235.1981008	0.121613307	0	0.424463781	0.921824023	95	0	0	0	1
37724	2671179.94	1251075.163	2880.36	139.6990247	235.1981008	0.121613307	0	0.424541732	0.920383711	95	0	0	0	1
37725	2671072.025	1250997.519	2903.22	139.6990247	235.1981008	0.123975689	0	0.424658738	0.918226485	95	0	0	0	1
37726	2670948.681	1250909.512	2910.84	139.6990247	235.1981008	0.123975689	0	0.424697762	0.917508273	95	0	0	0	1
37727	2670948.681	1250909.512	2918.46	138.9831065	235.2511988	0.124620877	0	0.422560139	0.916790493	95	0	0	0	1
37728	2670788.203	1250792.163	2948.94	138.9831065	235.2511988	0.122245958	0	0.422715581	0.913923686	95	0	0	0	1
37729	2670660.823	1250707.564	2971.8	138.9831065	235.2511988	0.122245958	0	0.422832275	0.911778103	95	0	0	0	1
37730	2670545.659	1250623.632	2987.04	138.9831065	235.2511988	0.117500167	0	0.422910123	0.910349866	95	0	0	0	1
37731	2670414.107	1250531.57	2994.66	138.9831065	235.2511988	0.117500167	0	0.422949064	0.909636392	95	0	0	0	1
37732	2670295.926	1250443.638	3017.52	138.6905533	235.4258085	0.108253653	0	0.422175414	0.907498548	95	0	0	0	1
37733	2670176.622	1250360.44	3025.14	138.9831065	235.2511988	0.105658033	0	0.423104932	0.906786792	95	0	0	0	1
37734	2670054.251	1250277.898	3040.38	138.9831065	235.2511988	0.100929552	0	0.42318293	0.905364566	95	0	0	0	1
37735	2669944.614	1250197.235	3055.62	138.9831065	235.2511988	0.098566998	0	0.423260971	0.903944054	95	0	0	0	1
37736	2669930.876	1250189.913	3055.62	138.9831065	235.2511988	0.098566998	0	0.423260971	0.903944054	95	0	0	0	1
37737	2669696.765	1250023.501	3078.48	139.6990247	235.1981008	0.091014337	0	0.425558983	0.901816497	95	0	0	0	1
37738	2669638.834	1249976.234	3093.72	139.6990247	235.1981008	0.091014337	0	0.425637534	0.900400265	95	0	0	0	1
37739	2669533.358	1249902.529	3108.96	139.6990247	235.1981008	0.086323156	0	0.425716127	0.898985741	95	0	0	0	1
37740	2669354.055	1249776.2	3116.58	139.6990247	235.1981008	0.086323156	0	0.42575544	0.89827912	95	0	0	0	1
37741	2669301.314	1249739.35	3131.82	140.5450294	235.4374754	0.078814102	0	0.428412912	0.896867157	95	0	0	0	1
37742	2669180.305	1249651.753	3139.44	140.5450294	235.4374754	0.078814102	0	0.428452496	0.896161815	95	0	0	0	1
37743	2669116.684	1249612.966	3131.82	140.678639	235.7288593	0.076413947	0	0.428820184	0.896867157	95	0	0	0	1
37744	2668937.363	1249486.649	3154.68	141.3850362	236.4255646	0.06909573	0	0.431092936	0.89475241	95	0	0	0	1
37745	2668784.174	1249387.557	3162.3	141.3850362	236.4255646	0.06909573	0	0.431132789	0.894048347	95	0	0	0	1
37746	2668665.828	1249309.837	3177.54	142.1121291	237.1152418	0.061848497	0	0.433430101	0.892641496	95	0	0	0	1
37747	2668552.605	1249237.268	3185.16	142.2665878	237.4016958	0.059487487	0	0.433941321	0.891938709	95	0	0	0	1
37748	2668439.32	1249169.79	3185.16	142.2665878	237.4016958	0.059487487	0	0.433941321	0.891938709	95	0	0	0	1
37749	2668383.105	1249133.426	3200.4	143.1889167	238.3655287	0.052270563	0	0.436835431	0.89053441	95	0	0	0	1
37753	2667807.394	1248790.362	3223.26	145.0369593	239.5241519	0.040371351	0	0.442596255	0.888431146	95	0	0	0	1
37754	2667672.059	1248707.981	3223.26	145.4086627	240.079134	0.035789754	0	0.443730548	0.888431146	95	0	0	0	1
37755	2667548.494	1248642.474	3230.88	146.6913854	240.8283066	0.031038914	0	0.44768637	0.887730907	95	0	0	0	1
37756	2667429.834	1248577.974	3230.88	146.6913854	240.8283066	0.031038914	0	0.44768637	0.887730907	95	0	0	0	1
37757	2667285.531	1248499.986	3238.5	147.9987507	241.5643674	0.028565845	0	0.451718141	0.887031092	95	0	0	0	1
37758	2667162.662	1248431.044	3238.5	148.9042337	241.7528668	0.026206998	0	0.454481834	0.887031092	95	0	0	0	1
37759	2667099.977	1248401.176	3238.5	148.9042337	241.7528668	0.026206998	0	0.454481834	0.887031092	95	0	0	0	1
37760	2666919.601	1248302.429	3246.12	150.0248751	242.2048604	0.026011151	0	0.457944644	0.886331701	95	0	0	0	1
37761	2666782.003	1248230.051	3253.74	150.0248751	242.2048604	0.026011151	0	0.457987073	0.885632733	95	0	0	0	1
37762	2666651.59	1248156.894	3253.74	150.4801147	242.2961919	0.028094554	0	0.459376801	0.885632733	95	0	0	0	1
37763	2666522.708	1248089.278	3261.36	150.9357343	242.3869722	0.028009703	0	0.460810388	0.884934189	95	0	0	0	1
37764	2666369.642	1248008.023	3268.98	152.5418035	242.4844273	0.027714645	0	0.465756919	0.884236069	95	0	0	0	1
37765	2666226.864	1247933.96	3268.98	152.5418035	242.4844273	0.027714645	0	0.465756919	0.884236069	95	0	0	0	1
37766	2666079.346	1247855.277	3276.6	153.4549664	242.6618893	0.02754964	0	0.46858852	0.883538371	95	0	0	0	1
37767	2665936.035	1247780.612	3276.6	153.4549664	242.6618893	0.02754964	0	0.46858852	0.883538371	95	0	0	0	1
37768	2665883.197	1247748.967	3284.22	154.6050948	242.6676405	0.027344592	0	0.472144313	0.882841096	95	0	0	0	1
37769	2665677.264	1247637.035	3291.84	155.0622457	242.7549122	0.027263935	0	0.473584307	0.882144244	95	0	0	0	1
37770	2665532.859	1247564.18	3291.84	155.7552248	242.6733068	0.027142574	0	0.475700773	0.882144244	95	0	0	0	1
37771	2665412.609	1247495.304	3299.46	156.9053563	242.67889	0.02694352	0	0.479257902	0.881447815	95	0	0	0	1
37772	2665285.411	1247429.114	3299.46	156.9053563	242.67889	0.02694352	0	0.479257902	0.881447815	95	0	0	0	1
37773	2665095.031	1247352.054	3307.08	158.0554893	242.684392	0.026747364	0	0.4828157	0.880751808	95	0	0	0	1
37774	2664994.771	1247278.489	3307.08	158.0554893	242.684392	0.026747364	0	0.4828157	0.880751808	95	0	0	0	1
37775	2664926.024	1247241.503	3314.7	158.7487368	242.6046333	0.026630504	0	0.484978373	0.880056224	95	0	0	0	1
37776	2664702.712	1247122.427	3322.32	159.2056237	242.6898145	0.026554045	0	0.486419302	0.879361061	95	0	0	0	1
37777	2664542.89	1247034.158	3322.32	159.8988492	242.610606	0.026438868	0	0.488537307	0.879361061	95	0	0	0	1
37778	2664388.14	1246956.129	3329.94	161.0489634	242.6164934	0.026249971	0	0.492096911	0.878666321	95	0	0	0	1
37781	2663954.982	1246722.399	3329.94	162.1990793	242.6222972	0.026063754	0	0.495611174	0.878666321	95	0	0	0	1
37782	2663825.903	1246655.014	3329.94	163.3491967	242.6280194	0.025880161	0	0.499125443	0.878666321	95	0	0	0	1
37783	2663676.51	1246571.798	3337.56	163.3491967	242.6280194	0.025880161	0	0.49917178	0.877972002	95	0	0	0	1
37784	2663598.451	1246533.52	3345.18	164.0426554	242.5510728	0.025770709	0	0.501337437	0.877278104	95	0	0	0	1
37785	2663377.331	1246415.899	3345.18	164.4993158	242.6336615	0.027676966	0	0.502733056	0.877278104	95	0	0	0	1
37786	2663212.285	1246327.611	3352.8	165.1927519	242.557227	0.027560726	0	0.50489918	0.876584628	95	0	0	0	1
37787	2663134.92	1246286.069	3360.42	165.6494365	242.6392253	0.027484705	0	0.50634203	0.875891573	95	0	0	0	1
37788	2662984.863	1246200.88	3360.42	166.3428502	242.5632961	0.029326164	0	0.508461594	0.875891573	95	0	0	0	1
37789	2662784.168	1246099.112	3368.04	166.7995587	242.6447123	0.031196768	0	0.509904987	0.875198939	95	0	0	0	1
37790	2662635.621	1246021.195	3375.66	167.4929504	242.5692818	0.033010625	0	0.512072258	0.874506726	95	0	0	0	1
37791	2662556.26	1245978.949	3375.66	167.4929504	242.5692818	0.034953964	0	0.512072258	0.874506726	95	0	0	0	1
37792	2662355.247	1245868.135	3383.28	168.18663	242.4944733	0.036745247	0	0.514240817	0.873814934	95	0	0	0	1
37793	2662211.583	1245792.781	3383.28	168.6430524	242.5751858	0.038576295	0	0.515636356	0.873814934	95	0	0	0	1
37794	2662051.69	1245704.58	3398.52	169.3367085	242.5008613	0.040341059	0	0.517853522	0.87243261	95	0	0	0	1
37795	2661900.212	1245625.27	3406.14	169.3367085	242.5008613	0.042264296	0	0.517901677	0.871742079	95	0	0	0	1
37796	2661731.729	1245543.458	3413.76	170.0306472	242.4271433	0.047839592	0	0.520072394	0.871051967	95	0	0	0	1
37797	2661598.572	1245466.849	3421.38	170.0306472	242.4271433	0.047839592	0	0.520120774	0.870362275	95	0	0	0	1
37798	2661432.553	1245377.479	3429	170.486789	242.507163	0.055359738	0	0.521564626	0.869673003	95	0	0	0	1
37799	2661282.959	1245294.496	3444.24	170.486789	242.507163	0.055359738	0	0.521661711	0.868295716	95	0	0	0	1
37800	2661282.959	1245294.496	3451.86	170.9432616	242.5867556	0.057119527	0	0.523107136	0.867607701	95	0	0	0	1
37801	2660974.174	1245129.131	3459.48	171.1807028	242.4339148	0.058945794	0	0.523882508	0.866920105	95	0	0	0	1
37802	2660813.401	1245045.355	3459.48	171.1807028	242.4339148	0.058945794	0	0.523882508	0.866920105	95	0	0	0	1
37803	2660677.806	1244970.812	3482.34	171.6368716	242.5133804	0.064493071	0	0.525425363	0.864859829	95	0	0	0	1
37804	2660550.793	1244902.226	3489.96	171.6368716	242.5133804	0.064493071	0	0.525474321	0.864173906	95	0	0	0	1
37805	2660418.457	1244833.588	3505.2	172.3307608	242.4405959	0.064232675	0	0.527697049	0.862803315	95	0	0	0	1
37806	2660217.312	1244728.022	3512.82	171.6368716	242.5133804	0.064493071	0	0.525621277	0.862118646	95	0	0	0	1
37807	2660147.694	1244692.464	3528.06	172.3307608	242.4405959	0.062338514	0	0.527844681	0.860750561	95	0	0	0	1
37808	2660147.694	1244692.464	3520.44	172.3307608	242.4405959	0.062338514	0	0.527795456	0.861434395	95	0	0	0	1
37809	2659750.318	1244479.769	3543.3	172.7869562	242.5195149	0.062173502	0	0.529340745	0.859384143	95	0	0	0	1
37810	2659592.759	1244390.451	3543.3	172.7869562	242.5195149	0.064062622	0	0.529340745	0.859384143	95	0	0	0	1
37811	2659512.936	1244350.14	3573.78	172.7869562	242.5195149	0.064062622	0	0.52953841	0.856656307	95	0	0	0	1
37812	2659352.913	1244267.101	3573.78	173.4808211	242.4471884	0.063805697	0	0.531664891	0.856656307	95	0	0	0	1
37813	2659192.936	1244178.977	3589.02	173.4808211	242.4471884	0.063805697	0	0.531764203	0.855294886	95	0	0	0	1
37814	2659032.903	1244095.947	3604.26	173.4808211	242.4471884	0.06757007	0	0.53186357	0.853935127	95	0	0	0	1
37815	2658878.078	1244010.644	3619.5	173.4808211	242.4471884	0.069452965	0	0.531962993	0.852577029	95	0	0	0	1
37816	2658803.934	1243973.677	3627.12	173.4808211	242.4471884	0.069452965	0	0.532012725	0.851898603	95	0	0	0	1
37817	2658583.861	1243852.279	3642.36	173.9370427	242.5255684	0.073027506	0	0.533511584	0.850542994	95	0	0	0	1
37818	2658433.301	1243778.503	3634.74	173.9370427	242.5255684	0.073027506	0	0.533461694	0.851220591	95	0	0	0	1
37819	2658210.95	1243657.27	3665.22	173.9370427	242.5255684	0.074906915	0	0.533661339	0.848512689	95	0	0	0	1
37820	2658119.215	1243608.493	3672.84	173.9370427	242.5255684	0.07678685	0	0.533711285	0.847836749	95	0	0	0	1
37821	2657914.434	1243499.089	3695.7	173.9370427	242.5255684	0.07678685	0	0.533861207	0.845811409	95	0	0	0	1
37822	2657760.899	1243414.777	3703.32	173.9370427	242.5255684	0.078667325	0	0.533911209	0.845137122	95	0	0	0	1
37823	2657760.899	1243414.777	3710.94	173.9370427	242.5255684	0.078667325	0	0.533961224	0.844463249	95	0	0	0	1
37824	2657442.908	1243245.628	3733.8	173.9370427	242.5255684	0.080548354	0	0.534111355	0.842444103	95	0	0	0	1
37825	2657294.893	1243166.989	3733.8	173.9370427	242.5255684	0.080548354	0	0.534111355	0.842444103	95	0	0	0	1
37826	2657141.341	1243082.693	3764.28	173.4808211	242.4471884	0.082647708	0	0.532910272	0.839757681	95	0	0	0	1
37827	2656988.498	1243007.12	3771.9	173.4808211	242.4471884	0.082647708	0	0.532960268	0.839087105	95	0	0	0	1
37828	2656828.85	1242919.237	3794.76	173.4808211	242.4471884	0.080761099	0	0.533110339	0.837077844	95	0	0	0	1
37829	2656678.732	1242836.194	3794.76	173.4808211	242.4471884	0.080761099	0	0.533110339	0.837077844	95	0	0	0	1
37830	2656601.111	1242798.014	3825.24	173.4808211	242.4471884	0.080761099	0	0.53331063	0.834404581	95	0	0	0	1
37831	2656436.942	1242708.459	3840.48	173.4808211	242.4471884	0.080761099	0	0.533410859	0.833070411	95	0	0	0	1
37832	2656363.71	1242670.324	3840.48	173.4808211	242.4471884	0.080761099	0	0.533410859	0.833070411	95	0	0	0	1
37833	2656131.324	1242545.969	3863.34	173.4808211	242.4471884	0.078875061	0	0.533561309	0.831072229	95	0	0	0	1
37834	2655917.84	1242434.396	3855.72	173.4808211	242.4471884	0.078875061	0	0.533511145	0.83173788	95	0	0	0	1
37835	2655833.109	1242387.015	3886.2	173.4808211	242.4471884	0.078875061	0	0.533711884	0.82907773	95	0	0	0	1
37836	2655605.33	1242265.83	3901.44	173.4808211	242.4471884	0.078875061	0	0.533812338	0.827750109	95	0	0	0	1
37837	2655454.775	1242183.331	3909.06	173.4808211	242.4471884	0.078875061	0	0.533862586	0.827086911	95	0	0	0	1
37838	2655298.077	1242102.505	3916.68	173.4808211	242.4471884	0.078875061	0	0.533912848	0.826424121	95	0	0	0	1
37839	2655298.077	1242102.505	3939.54	173.4808211	242.4471884	0.078875061	0	0.534063719	0.824438199	95	0	0	0	1
37840	2655051.872	1241970.904	3962.4	173.4808211	242.4471884	0.076989581	0	0.534214717	0.822455945	95	0	0	0	1
37841	2654837.19	1241854.96	3962.4	173.4808211	242.4471884	0.076989581	0	0.534214717	0.822455945	95	0	0	0	1
37842	2654694.169	1241776.002	3985.26	173.4808211	242.4471884	0.076989581	0	0.534365841	0.820477353	95	0	0	0	1
37843	2654535.356	1241691.295	3992.88	173.4808211	242.4471884	0.076989581	0	0.534416245	0.819818636	95	0	0	0	1
37844	2654463.014	1241655.003	4015.74	173.4808211	242.4471884	0.075104645	0	0.534567539	0.817844921	95	0	0	0	1
37845	2654370.941	1241607.403	4023.36	173.4808211	242.4471884	0.075104645	0	0.534617999	0.817187828	95	0	0	0	1
37846	2654070.422	1241442.738	4038.6	173.9370427	242.5255684	0.071148609	0	0.53612517	0.815874858	95	0	0	0	1
37847	2653936.107	1241370.261	4046.22	173.9370427	242.5255684	0.071148609	0	0.536175806	0.815218981	95	0	0	0	1
37848	2653936.107	1241370.261	4061.46	173.9370427	242.5255684	0.071148609	0	0.536277119	0.813908443	95	0	0	0	1
37849	2653676.843	1241233.596	4069.08	173.9370427	242.5255684	0.071148609	0	0.536327797	0.81325378	95	0	0	0	1
37850	2653512.423	1241147.572	4069.08	173.9370427	242.5255684	0.071148609	0	0.536327797	0.81325378	95	0	0	0	1
37851	2653347.084	1241059.56	4099.56	173.9370427	242.5255684	0.074906915	0	0.536530651	0.810639175	95	0	0	0	1
37852	2653171.403	1240966.371	4107.18	173.9370427	242.5255684	0.074906915	0	0.5365814	0.809986534	95	0	0	0	1
37853	2653031.921	1240888.778	4122.42	173.4808211	242.4471884	0.076989581	0	0.535275269	0.808682462	95	0	0	0	1
37854	2652876.628	1240807.167	4130.04	173.4808211	242.4471884	0.076989581	0	0.535325927	0.808031031	95	0	0	0	1
37857	2652394.332	1240549.272	4152.9	173.4808211	242.4471884	0.080761099	0	0.53547799	0.806079157	95	0	0	0	1
37858	2652240.643	1240465.104	4160.52	173.4808211	242.4471884	0.084534902	0	0.535528705	0.805429338	95	0	0	0	1
37859	2652150.484	1240422.904	4160.52	173.4808211	242.4471884	0.084534902	0	0.535528705	0.805429338	95	0	0	0	1
37860	2651975.578	1240328.205	4175.76	173.4808211	242.4471884	0.084534902	0	0.53563018	0.804130906	95	0	0	0	1
37861	2651901.39	1240286.149	4206.24	173.4808211	242.4471884	0.084534902	0	0.535833301	0.801538867	95	0	0	0	1
37862	2651667.601	1240164.202	4221.48	173.0249259	242.3683953	0.082866467	0	0.534526549	0.800245257	95	0	0	0	1
37863	2651502.207	1240076.242	4236.72	172.7869562	242.5195149	0.082981117	0	0.533892686	0.798953251	95	0	0	0	1
37864	2651429.571	1240038.777	4244.34	172.7869562	242.5195149	0.082981117	0	0.533943356	0.798307849	95	0	0	0	1
37865	2651180.445	1239902.052	4244.34	172.7869562	242.5195149	0.081086831	0	0.533943356	0.798307849	95	0	0	0	1
37866	2651016.339	1239817.567	4274.82	172.7869562	242.5195149	0.081086831	0	0.534146179	0.795730245	95	0	0	0	1
37867	2650883.555	1239744.224	4297.68	172.7869562	242.5195149	0.081086831	0	0.534298447	0.793801241	95	0	0	0	1
37868	2650729.823	1239660.095	4290.06	172.7869562	242.5195149	0.079193122	0	0.534247676	0.794443843	95	0	0	0	1
37869	2650644.967	1239617.964	4312.92	172.7869562	242.5195149	0.079193122	0	0.53440003	0.792517235	95	0	0	0	1
37870	2650411.562	1239491.757	4328.16	172.7869562	242.5195149	0.079193122	0	0.534501672	0.791234825	95	0	0	0	1
37871	2650401.22	1239486.58	4335.78	172.7869562	242.5195149	0.079193122	0	0.534552514	0.790594218	95	0	0	0	1
37872	2650093.548	1239323.439	4358.64	172.7869562	242.5195149	0.079193122	0	0.534705127	0.788674787	95	0	0	0	1
37873	2649971.576	1239260.301	4373.88	172.7869562	242.5195149	0.077299978	0	0.53480694	0.787397156	95	0	0	0	1
37874	2649897.361	1239218.27	4389.12	172.7869562	242.5195149	0.075407384	0	0.534908812	0.786121115	95	0	0	0	1
37875	2649897.361	1239218.27	4389.12	172.7869562	242.5195149	0.075407384	0	0.534908812	0.786121115	95	0	0	0	1
37876	2649537.836	1239026.342	4404.36	172.7869562	242.5195149	0.071623794	0	0.535010741	0.784846664	95	0	0	0	1
37877	2649393.589	1238950.091	4427.22	172.7869562	242.5195149	0.067842243	0	0.535163744	0.782937963	95	0	0	0	1
37878	2649232.799	1238860.939	4442.46	173.0249259	242.3683953	0.065861229	0	0.536003009	0.781667478	95	0	0	0	1
37879	2649082.829	1238783.354	4442.46	173.0249259	242.3683953	0.065861229	0	0.536003009	0.781667478	95	0	0	0	1
37880	2649017.051	1238750.29	4465.32	173.0249259	242.3683953	0.063974274	0	0.53615644	0.77976472	95	0	0	0	1
37881	2648762.229	1238612.758	4480.56	173.4808211	242.4471884	0.05816248	0	0.537671763	0.778498192	95	0	0	0	1
37882	2648598.086	1238524.286	4488.18	173.4808211	242.4471884	0.05816248	0	0.537723099	0.777865521	95	0	0	0	1
37883	2648451.957	1238447.352	4495.8	173.7193635	242.2967718	0.054327558	0	0.53851391	0.777233245	95	0	0	0	1
37884	2648295.775	1238361.369	4495.8	173.7193635	242.2967718	0.054327558	0	0.53851391	0.777233245	95	0	0	0	1
37885	2648147.256	1238282.526	4518.66	174.1749603	242.3754383	0.050441694	0	0.540080975	0.775338786	95	0	0	0	1
37886	2648002.055	1238204.49	4526.28	174.1749603	242.3754383	0.050441694	0	0.540132591	0.774708088	95	0	0	0	1
37887	2647919.163	1238161.638	4533.9	174.6308837	242.4536941	0.046577525	0	0.541598216	0.774077784	95	0	0	0	1
37888	2647634.853	1238008.131	4549.14	174.8693704	242.3042579	0.042788061	0	0.542441572	0.772818359	95	0	0	0	1
37889	2647562.424	1237971.924	4556.76	174.8693704	242.3042579	0.042788061	0	0.542493452	0.772189237	95	0	0	0	1
37890	2647329.711	1237842.826	4564.38	175.5640483	242.2336407	0.04261855	0	0.544700637	0.771560508	95	0	0	0	1
37891	2647179.691	1237765.29	4564.38	175.5640483	242.2336407	0.04261855	0	0.544700637	0.771560508	95	0	0	0	1
37892	2647091.754	1237718.786	4579.62	176.0193803	242.3116461	0.046209582	0	0.546217855	0.77030423	95	0	0	0	1
37893	2646910.723	1237620.653	4587.24	176.0193803	242.3116461	0.048060756	0	0.546270136	0.769676681	95	0	0	0	1